-69.34939988	-35.99812067	2
-69.32798473	-36.1515959	3
>		4
-68.27507324	-35.69176506	5
-68.50418797	-36.15644652	6
>		7
-69.55641299	-35.66618586	8
-69.34939988	-35.99812067	9
>		10
-69.80323792	-36.13795558	11
-69.80219138	-35.61618237	12
>		13
-69.80219138	-35.61618237	14
-69.55641299	-35.66618586	15
>		16
-69.80219138	-35.61618237	17
-69.80154743	-35.29512724	18
>		19
-69.64699176	-35.30967174	20
-69.80154743	-35.29512724	21
>		22
-70.67269746	-36.09813734	23
-70.56799992	-35.22300003	24
>		25
-69.80154743	-35.29512724	26
-70.56799992	-35.22300003	27
>		28
-69.64699176	-35.30967174	29
-68.2106094	-35.18961741	30
>		31
-68.2106094	-35.18961741	32
-68.27507324	-35.69176506	33
>		34
-71.49004232	-36.073153	35
-71.07711048	-35.16907932	36
>		37
-71.07711048	-35.16907932	38
-70.56799992	-35.22300003	39
>		40
-69.68793888	-35.11040607	41
-69.80154743	-35.29512724	42
>		43
-71.34465725	-35.09424274	44
-72.11417494	-36.07458068	45
>		46
-71.62281624	-34.69021027	47
-72.46197282	-36.06791819	48
>		49
-66.31883903	-34.60226935	50
-66.49729861	-34.64985857	51
>		52
-69.39861507	-34.55291537	53
-69.68793888	-35.11040607	54
>		55
-66.49729861	-34.64985857	56
-66.64601492	-34.49519361	57
>		58
-71.07711048	-35.16907932	59
-70.685286	-34.33398292	60
>		61
-68.2106094	-35.18961741	62
-68.8935186	-34.260615	63
>		64
-69.18064922	-34.19336676	65
-69.39861507	-34.55291537	66
>		67
-68.8935186	-34.260615	68
-69.18064922	-34.19336676	69
>		70
-66.27719846	-34.18586368	71
-66.31883903	-34.60226935	72
>		73
-71.20234584	-34.170507	74
-71.62281624	-34.69021027	75
>		76
-69.18064922	-34.19336676	77
-69.68486268	-34.07527602	78
>		79
-66.64601492	-34.49519361	80
-66.60794354	-34.03119871	81
>		82
-70.76406877	-33.98065499	83
-71.34465725	-35.09424274	84
>		85
-70.56799992	-35.22300003	86
-70.05635964	-33.96295017	87
>		88
-70.05635964	-33.96295017	89
-69.68486268	-34.07527602	90
>		91
-70.05635964	-33.96295017	92
-70.33522104	-33.8476158	93
>		94
-70.5237938	-33.79005509	95
-70.685286	-34.33398292	96
>		97
-70.5237938	-33.79005509	98
-70.33522104	-33.8476158	99
>		100
-70.71531804	-33.73159347	101
-70.76406877	-33.98065499	102
>		103
-70.71531804	-33.73159347	104
-70.5237938	-33.79005509	105
>		106
-71.20234584	-34.170507	107
-71.13663072	-33.60356784	108
>		109
-71.13663072	-33.60356784	110
-70.71531804	-33.73159347	111
>		112
-65.95455337	-33.53611554	113
-66.27719846	-34.18586368	114
>		115
-70.7409174	-33.46551066	116
-70.74186408	-33.46603578	117
>		118
-70.53451476	-33.4295773	119
-70.5237938	-33.79005509	120
>		121
-66.60794354	-34.03119871	122
-66.36916463	-33.42610178	123
>		124
-66.79068615	-33.3730398	125
-66.93763562	-33.43395537	126
>		127
-70.33522104	-33.8476158	128
-70.019262	-33.35355162	129
>		130
-70.019262	-33.35355162	131
-70.05635964	-33.96295017	132
>		133
-69.39385615	-33.34700453	134
-69.18064922	-34.19336676	135
>		136
-66.93763562	-33.43395537	137
-67.04155528	-33.3381698	138
>		139
-71.11565064	-33.19322103	140
-71.13663072	-33.60356784	141
>		142
-65.05035819	-33.17324774	143
-65.95455337	-33.53611554	144
>		145
-70.019262	-33.35355162	146
-70.03740997	-33.08779209	147
>		148
-69.39385615	-33.34700453	149
-68.93186038	-33.07901891	150
>		151
-67.04155528	-33.3381698	152
-67.07027282	-32.97745441	153
>		154
-70.04901672	-32.91782238	155
-70.53451476	-33.4295773	156
>		157
-70.03740997	-33.08779209	158
-70.04901672	-32.91782238	159
>		160
-66.64375443	-32.88108623	161
-66.6407801	-33.36590141	162
>		163
-70.61300938	-32.86536781	164
-70.53451476	-33.4295773	165
>		166
-68.93186038	-33.07901891	167
-68.8965488	-32.82828203	168
>		169
-70.04901672	-32.91782238	170
-69.87332448	-32.79581946	171
>		172
-69.68486268	-34.07527602	173
-69.87332448	-32.79581946	174
>		175
-70.04901672	-32.91782238	176
-70.1173206	-32.60826279	177
>		178
-66.36916463	-33.42610178	179
-66.28291899	-32.5438803	180
>		181
-64.63395251	-32.47130674	182
-65.05035819	-33.17324774	183
>		184
-69.87332448	-32.79581946	185
-68.89710348	-32.33699712	186
>		187
-68.89710348	-32.33699712	188
-68.8965488	-32.82828203	189
>		190
-66.28291899	-32.5438803	191
-65.72857519	-32.23036992	192
>		193
-65.41821304	-32.29062299	194
-65.72857519	-32.23036992	195
>		196
-68.86254132	-32.16460266	197
-68.89710348	-32.33699712	198
>		199
-70.65968544	-32.16399516	200
-70.61300938	-32.86536781	201
>		202
-70.65727361	-32.16357261	203
-70.65968544	-32.16399516	204
>		205
-70.322472	-32.10491628	206
-70.65727361	-32.16357261	207
>		208
-70.1173206	-32.60826279	209
-70.322472	-32.10491628	210
>		211
-68.69979797	-32.08606355	212
-68.86254132	-32.16460266	213
>		214
-65.38160997	-32.08280003	215
-65.41821304	-32.29062299	216
>		217
-70.01926272	-32.01747759	218
-70.322472	-32.10491628	219
>		220
-69.87332448	-32.79581946	221
-70.01926272	-32.01747759	222
>		223
-70.40180484	-31.95801288	224
-70.322472	-32.10491628	225
>		226
-70.65968544	-32.16399516	227
-70.83111924	-31.89388905	228
>		229
-70.65727361	-32.16357261	230
-70.83111924	-31.89388905	231
>		232
-65.38160997	-32.08280003	233
-65.12192541	-31.85828607	234
>		235
-69.46419297	-31.84778169	236
-70.01926272	-32.01747759	237
>		238
-64.30727877	-31.84368207	239
-64.63395251	-32.47130674	240
>		241
-68.61984808	-31.78910681	242
-68.69979797	-32.08606355	243
>		244
-69.14788704	-31.75108065	245
-69.46419297	-31.84778169	246
>		247
-68.89710348	-32.33699712	248
-69.14788704	-31.75108065	249
>		250
-68.03388192	-31.69351137	251
-68.03417056	-31.69367707	252
>		253
-68.03210253	-31.69447959	254
-68.03388192	-31.69351137	255
>		256
-68.67965844	-31.67691525	257
-68.61984808	-31.78910681	258
>		259
-65.1141402	-31.85199802	260
-65.01441851	-31.62889488	261
>		262
-67.87355695	-31.60147296	263
-68.03388192	-31.69351137	264
>		265
-68.03388192	-31.69351137	266
-68.29264159	-31.55271247	267
>		268
-65.12192541	-31.85828607	269
-65.42750276	-31.53498884	270
>		271
-68.58681012	-31.5166113	272
-69.14788704	-31.75108065	273
>		274
-68.58681012	-31.5166113	275
-68.67965844	-31.67691525	276
>		277
-70.83111924	-31.89388905	278
-70.98185124	-31.46937804	279
>		280
-69.27233436	-31.45339179	281
-69.14788704	-31.75108065	282
>		283
-68.28550321	-31.54914328	284
-68.33248972	-31.44043259	285
>		286
-71.46354096	-31.27050909	287
-71.11565064	-33.19322103	288
>		289
-66.39475366	-31.29347354	290
-66.74277967	-31.2113193	291
>		292
-67.74536556	-31.20769062	293
-67.87355695	-31.60147296	294
>		295
-65.42750276	-31.53498884	296
-65.49888659	-31.18401834	297
>		298
-64.3603145	-31.13880858	299
-64.30727877	-31.84368207	300
>		301
-70.40180484	-31.95801288	302
-70.34514048	-31.12184043	303
>		304
-70.34514048	-31.12184043	305
-70.33415164	-31.1181898	306
>		307
-69.30620136	-31.10117319	308
-69.27233436	-31.45339179	309
>		310
-70.33415164	-31.1181898	311
-70.27745669	-31.099355	312
>		313
-70.27745669	-31.099355	314
-70.01926272	-32.01747759	315
>		316
-68.46968196	-31.0943997	317
-68.58681012	-31.5166113	318
>		319
-65.183608	-31.0888399	320
-65.01441851	-31.62889488	321
>		322
-68.33248972	-31.44043259	323
-68.18556585	-31.08514838	324
>		325
-68.18556585	-31.08514838	326
-67.81942421	-31.05181747	327
>		328
-67.81942421	-31.05181747	329
-67.74536556	-31.20769062	330
>		331
-69.72172056	-30.91473225	332
-70.27745669	-31.099355	333
>		334
-69.72172056	-30.91473225	335
-69.46419297	-31.84778169	336
>		337
-67.07027282	-32.97745441	338
-67.67227667	-30.90487302	339
>		340
-66.74277967	-31.2113193	341
-66.7356261	-30.88522908	342
>		343
-66.21929824	-30.87105638	344
-66.39475366	-31.29347354	345
>		346
-67.36056728	-30.79601268	347
-66.6402808	-32.88901895	348
>		349
-65.49888659	-31.18401834	350
-65.44534871	-30.77356131	351
>		352
-69.72172056	-30.91473225	353
-69.23006532	-30.74929137	354
>		355
-69.23006532	-30.74929137	356
-69.30620136	-31.10117319	357
>		358
-68.49480312	-30.74136201	359
-68.46968196	-31.0943997	360
>		361
-65.1508532	-31.09405482	362
-64.6777003	-30.738259	363
>		364
-65.31447836	-30.72002344	365
-65.183608	-31.0888399	366
>		367
-70.34514048	-31.12184043	368
-70.30031004	-30.69809199	369
>		370
-65.44534871	-30.77356131	371
-65.36801623	-30.69622883	372
>		373
-65.36801623	-30.69622883	374
-65.31447836	-30.72002344	375
>		376
-71.48282508	-30.68682102	377
-71.46354096	-31.27050909	378
>		379
-70.97401188	-30.67437204	380
-71.48282508	-30.68682102	381
>		382
-70.98185124	-31.46937804	383
-70.97401188	-30.67437204	384
>		385
-70.97401188	-30.67437204	386
-70.30031004	-30.69809199	387
>		388
-69.23006532	-30.74929137	389
-68.99472842	-30.67088786	390
>		391
-68.99472842	-30.67088786	392
-68.9891994	-30.66904584	393
>		394
-68.9891994	-30.66904584	395
-68.49480312	-30.74136201	396
>		397
-69.23006532	-30.74929137	398
-69.20294292	-30.64153599	399
>		400
-68.9891994	-30.66904584	401
-69.20294292	-30.64153599	402
>		403
-66.2526107	-30.61169513	404
-66.21929824	-30.87105638	405
>		406
-69.83791596	-30.60671202	407
-69.72172056	-30.91473225	408
>		409
-67.67227667	-30.90487302	410
-67.84576541	-30.58746778	411
>		412
-69.20294292	-30.64153599	413
-69.83791605	-30.53897794	414
>		415
-69.84301999	-30.53831768	416
-69.83791596	-30.60671202	417
>		418
-69.83791605	-30.53897794	419
-69.84301999	-30.53831768	420
>		421
-66.62856554	-30.52841399	422
-66.7356261	-30.88522908	423
>		424
-67.43954175	-30.4633964	425
-67.36056728	-30.79601268	426
>		427
-68.46394673	-30.40101441	428
-68.49480312	-30.74136201	429
>		430
-70.30031004	-30.69809199	431
-70.14772512	-30.36316797	432
>		433
-69.83791596	-30.60671202	434
-70.14772512	-30.36316797	435
>		436
-67.84576541	-30.58746778	437
-67.89356654	-30.36295077	438
>		439
-68.16765682	-30.24686545	440
-67.89356654	-30.36295077	441
>		442
-70.30031004	-30.69809199	443
-70.23766104	-30.22859403	444
>		445
-70.14772512	-30.36316797	446
-70.23766104	-30.22859403	447
>		448
-68.35685024	-30.22343468	449
-68.46394673	-30.40101441	450
>		451
-67.5341884	-30.25352676	452
-67.4056975	-30.21783485	453
>		454
-67.43954175	-30.4633964	455
-67.66109291	-30.21554535	456
>		457
-67.4056975	-30.21783485	458
-67.25222227	-30.20355808	459
>		460
-67.62910548	-30.17686964	461
-67.5341884	-30.25352676	462
>		463
-66.62856554	-30.52841399	464
-66.52679059	-30.17442548	465
>		466
-66.52679059	-30.17442548	467
-66.2526107	-30.61169513	468
>		469
-69.11654508	-30.17321199	470
-69.20294292	-30.64153599	471
>		472
-66.52862818	-30.17149484	473
-66.52679059	-30.17442548	474
>		475
-66.52679059	-30.17442548	476
-66.52562401	-30.17036795	477
>		478
-69.87178296	-30.15289197	479
-69.84301999	-30.53831768	480
>		481
-67.25222227	-30.20355808	482
-67.20225359	-30.10718991	483
>		484
-67.71555923	-30.04937018	485
-67.66109291	-30.21554535	486
>		487
-71.48282508	-30.68682102	488
-71.40258	-30.03774399	489
>		490
-70.94953938	-30.03171736	491
-70.97401188	-30.67437204	492
>		493
-69.87178296	-30.15289197	494
-69.84154188	-30.00658896	495
>		496
-67.60914142	-29.97156063	497
-67.62910548	-30.17686964	498
>		499
-68.34192704	-29.96472647	500
-68.35685024	-30.22343468	501
>		502
-70.441812	-29.934009	503
-70.94953938	-30.03171736	504
>		505
-70.23766104	-30.22859403	506
-70.441812	-29.934009	507
>		508
-68.27473257	-29.92087929	509
-68.16765682	-30.24686545	510
>		511
-68.02205744	-29.87278181	512
-67.71555923	-30.04937018	513
>		514
-70.441812	-29.934009	515
-70.16483412	-29.87036397	516
>		517
-70.16483412	-29.87036397	518
-70.23766104	-30.22859403	519
>		520
-66.97449973	-29.8673487	521
-67.07709394	-29.97280985	522
>		523
-67.66624848	-29.86091569	524
-67.60914142	-29.97156063	525
>		526
-67.07709394	-29.97280985	527
-67.13895992	-29.83956003	528
>		529
-71.40258	-30.03774399	530
-70.94216412	-29.83804101	531
>		532
-70.94216412	-29.83804101	533
-70.94953938	-30.03171736	534
>		535
-67.84113887	-29.80737782	536
-67.66624848	-29.86091569	537
>		538
-67.20225359	-30.10718991	539
-67.30576014	-29.7752551	540
>		541
-68.50354896	-29.77357896	542
-68.34192704	-29.96472647	543
>		544
-67.13895992	-29.83956003	545
-67.13808768	-29.71863239	546
>		547
-64.6777003	-30.738259	548
-64.19517008	-29.71842564	549
>		550
-70.61324616	-29.69083998	551
-70.94216412	-29.83804101	552
>		553
-70.61324616	-29.69083998	554
-70.441812	-29.934009	555
>		556
-69.13501092	-29.68867503	557
-69.84154188	-30.00658896	558
>		559
-69.13501092	-29.68867503	560
-69.11654508	-30.17321199	561
>		562
-67.88991782	-29.68186125	563
-67.84113887	-29.80737782	564
>		565
-67.30576014	-29.7752551	566
-67.49849648	-29.63248744	567
>		568
-70.14772512	-30.36316797	569
-69.776955	-29.63133702	570
>		571
-69.84154188	-30.00658896	572
-69.776955	-29.63133702	573
>		574
-70.61324616	-29.69083998	575
-70.44686712	-29.61727398	576
>		577
-70.44686712	-29.61727398	578
-70.44694108	-29.61598901	579
>		580
-63.50370853	-29.50887779	581
-64.3603145	-31.13880858	582
>		583
-71.40258	-30.03774399	584
-71.47708812	-29.50264197	585
>		586
-68.60515104	-29.47554801	587
-69.13501092	-29.68867503	588
>		589
-68.60515104	-29.47554801	590
-68.50354896	-29.77357896	591
>		592
-70.07220288	-29.44732599	593
-70.44686712	-29.61727398	594
>		595
-70.16483412	-29.87036397	596
-70.07220288	-29.44732599	597
>		598
-65.48460982	-29.5326724	599
-65.56789096	-29.44344261	600
>		601
-70.0706026	-29.44109419	602
-70.07220288	-29.44732599	603
>		604
-68.6611028	-29.4291287	605
-68.60515104	-29.47554801	606
>		607
-68.27473257	-29.92087929	608
-68.50579898	-29.42584535	609
>		610
-66.91798753	-29.41822544	611
-66.97449973	-29.8673487	612
>		613
-71.259687	-29.41688502	614
-71.47708812	-29.50264197	615
>		616
-67.89586647	-29.40227459	617
-67.88991782	-29.68186125	618
>		619
-70.77815208	-29.39563998	620
-70.61324616	-29.69083998	621
>		622
-67.49849648	-29.63248744	623
-67.60557223	-29.35052131	624
>		625
-70.77815208	-29.39563998	626
-70.46444916	-29.311812	627
>		628
-70.44694108	-29.61598901	629
-70.46444916	-29.311812	630
>		631
-70.94216412	-29.83804101	632
-70.83313596	-29.31123096	633
>		634
-70.83313596	-29.31123096	635
-70.77815208	-29.39563998	636
>		637
-68.80711167	-29.30799523	638
-68.6611028	-29.4291287	639
>		640
-68.57897007	-29.30332867	641
-68.6611028	-29.4291287	642
>		643
-67.92560973	-29.27140423	644
-67.89586647	-29.40227459	645
>		646
-71.41702701	-29.26574691	647
-71.4178873	-29.26798262	648
>		649
-71.47708812	-29.50264197	650
-71.41702701	-29.26574691	651
>		652
-67.60557223	-29.35052131	653
-67.45932504	-29.23281016	654
>		655
-67.45923537	-29.23630718	656
-67.45932504	-29.23281016	657
>		658
-67.45932504	-29.23281016	659
-67.45923537	-29.23273799	660
>		661
-67.45923537	-29.23273799	662
-67.45923537	-29.23630718	663
>		664
-67.45923537	-29.2291688	665
-67.45923537	-29.23273799	666
>		667
-65.48460982	-29.5326724	668
-65.45604647	-29.2232598	669
>		670
-69.61453704	-29.21312304	671
-70.0706026	-29.44109419	672
>		673
-69.776955	-29.63133702	674
-69.61453704	-29.21312304	675
>		676
-64.19517008	-29.71842564	677
-63.98815697	-29.21160044	678
>		679
-68.01186519	-29.20894338	680
-67.92560973	-29.27140423	681
>		682
-71.4178873	-29.26798262	683
-71.48955049	-29.20249181	684
>		685
-68.58610845	-29.19982211	686
-68.57897007	-29.30332867	687
>		688
-71.41702701	-29.26574691	689
-71.400096	-29.19896703	690
>		691
-67.13808768	-29.71863239	692
-67.31357292	-29.1981253	693
>		694
-68.53613977	-29.19625292	695
-68.58610845	-29.19982211	696
>		697
-68.50579898	-29.42584535	698
-68.53613977	-29.19625292	699
>		700
-70.00650177	-29.19048456	701
-70.46444916	-29.311812	702
>		703
-70.0706026	-29.44109419	704
-70.00650177	-29.19048456	705
>		706
-70.00622953	-29.19041243	707
-70.00650177	-29.19048456	708
>		709
-63.46705501	-29.16163176	710
-63.50370853	-29.50887779	711
>		712
-69.97768268	-29.078772	713
-70.00622953	-29.19041243	714
>		715
-69.97768268	-29.078772	716
-69.97787981	-29.0785837	717
>		718
-71.48955049	-29.20249181	719
-71.50263912	-29.07786096	720
>		721
-68.06837739	-29.06915005	722
-68.01186519	-29.20894338	723
>		724
-63.98815697	-29.21160044	725
-63.75972872	-29.04741763	726
>		727
-63.75972872	-29.04741763	728
-63.46705501	-29.16163176	729
>		730
-66.71541586	-29.04672363	731
-66.91798753	-29.41822544	732
>		733
-66.48341842	-29.0176942	734
-66.57847728	-29.03088812	735
>		736
-65.56789096	-29.44344261	737
-65.69281266	-28.98539637	738
>		739
-71.010756	-28.96625601	740
-71.259687	-29.41688502	741
>		742
-71.010756	-28.96625601	743
-70.83313596	-29.31123096	744
>		745
-68.75957627	-28.96251933	746
-68.80711167	-29.30799523	747
>		748
-68.7660911	-29.02743268	749
-68.75957627	-28.96251933	750
>		751
-69.61453704	-29.21312304	752
-69.103917	-28.94690898	753
>		754
-69.103917	-28.94690898	755
-69.13501092	-29.68867503	756
>		757
-68.38373551	-28.91147956	758
-68.02205744	-29.87278181	759
>		760
-71.50263912	-29.07786096	761
-71.518212	-28.90708101	762
>		763
-71.400096	-29.19896703	764
-71.27421709	-28.89461256	765
>		766
-66.3929989	-28.86302924	767
-66.48341842	-29.0176942	768
>		769
-66.60641818	-28.8621763	770
-66.57847728	-29.03088812	771
>		772
-65.45604647	-29.2232598	773
-65.46080539	-28.86158173	774
>		775
-66.25974908	-28.85113193	776
-66.3929989	-28.86302924	777
>		778
-71.25171881	-28.84021541	779
-71.50263912	-29.07786096	780
>		781
-71.27421709	-28.89461256	782
-71.25171881	-28.84021541	783
>		784
-70.46444916	-29.311812	785
-70.45091208	-28.82191203	786
>		787
-69.103917	-28.94690898	788
-68.855598	-28.81638702	789
>		790
-68.855598	-28.81638702	791
-68.75957627	-28.96251933	792
>		793
-68.6107168	-28.77998397	794
-68.75957627	-28.96251933	795
>		796
-68.6107168	-28.77998397	797
-68.38373551	-28.91147956	798
>		799
-66.78414285	-28.73127505	800
-66.71541586	-29.04672363	801
>		802
-70.45091208	-28.82191203	803
-70.37471808	-28.69952697	804
>		805
-69.97787981	-29.0785837	806
-70.37471808	-28.69952697	807
>		808
-65.69281266	-28.98539637	809
-65.71065862	-28.6939124	810
>		811
-65.95338165	-28.6900885	812
-66.25974908	-28.85113193	813
>		814
-66.60641818	-28.8621763	815
-66.35706904	-28.6821902	816
>		817
-67.45932504	-29.23281016	818
-67.47351214	-28.67951331	819
>		820
-71.518212	-28.90708101	821
-71.30160684	-28.67463819	822
>		823
-69.81706898	-28.64202794	824
-69.97768268	-29.078772	825
>		826
-70.73926308	-28.61206596	827
-71.010756	-28.96625601	828
>		829
-67.51991163	-28.57957594	830
-67.61984899	-28.60456028	831
>		832
-67.47351214	-28.67951331	833
-67.51991163	-28.57957594	834
>		835
-71.30160684	-28.67463819	836
-71.32336452	-28.57887621	837
>		838
-65.46080539	-28.86158173	839
-65.37990372	-28.56652857	840
>		841
-70.63846488	-28.56149298	842
-70.73926308	-28.61206596	843
>		844
-70.83313596	-29.31123096	845
-70.63846488	-28.56149298	846
>		847
-70.37471808	-28.69952697	848
-70.51385304	-28.554993	849
>		850
-70.51311945	-28.55464698	851
-70.51385304	-28.554993	852
>		853
-66.35706904	-28.6821902	854
-66.24876412	-28.52426194	855
>		856
-69.25540104	-28.52049402	857
-69.61453704	-29.21312304	858
>		859
-70.54950996	-28.51655301	860
-70.63846488	-28.56149298	861
>		862
-70.51385304	-28.554993	863
-70.54950996	-28.51655301	864
>		865
-68.6107168	-28.77998397	866
-68.55354044	-28.51435378	867
>		868
-71.25171881	-28.84021541	869
-71.11128312	-28.50066504	870
>		871
-70.73926308	-28.61206596	872
-71.11128312	-28.50066504	873
>		874
-67.61984899	-28.60456028	875
-67.68052525	-28.49391535	876
>		877
-65.71065862	-28.6939124	878
-65.62522615	-28.48776841	879
>		880
-65.8159796	-28.4870744	881
-65.95338165	-28.6900885	882
>		883
-67.31357292	-29.1981253	884
-67.2695529	-28.48500083	885
>		886
-65.8159796	-28.4870744	887
-65.60147153	-28.43451819	888
>		889
-65.60147153	-28.43451819	890
-65.62522615	-28.48776841	891
>		892
-68.0153151	-28.40865142	893
-68.6107168	-28.77998397	894
>		895
-68.0153151	-28.40865142	896
-68.06837739	-29.06915005	897
>		898
-70.17001488	-28.39281201	899
-70.51311945	-28.55464698	900
>		901
-70.37471808	-28.69952697	902
-70.17001488	-28.39281201	903
>		904
-67.95006804	-28.36795896	905
-68.0153151	-28.40865142	906
>		907
-67.2695529	-28.48500083	908
-67.03041706	-28.35650994	909
>		910
-67.03041706	-28.35650994	911
-66.78414285	-28.73127505	912
>		913
-71.32336452	-28.57887621	914
-71.17232796	-28.35648522	915
>		916
-68.55354044	-28.51435378	917
-68.58791915	-28.35284302	918
>		919
-68.855598	-28.81638702	920
-68.58899441	-28.34779151	921
>		922
-68.58791915	-28.35284302	923
-68.58899441	-28.34779151	924
>		925
-67.90533408	-28.34665497	926
-67.95006804	-28.36795896	927
>		928
-65.37990372	-28.56652857	929
-65.27520743	-28.3143057	930
>		931
-71.17232796	-28.35648522	932
-71.20338012	-28.29716847	933
>		934
-71.11128312	-28.50066504	935
-71.04617343	-28.28400948	936
>		937
-70.95217392	-28.29184596	938
-71.04617343	-28.28400948	939
>		940
-67.69089002	-28.22820038	941
-67.90533408	-28.34665497	942
>		943
-67.68052525	-28.49391535	944
-67.69089002	-28.22820038	945
>		946
-71.20338012	-28.29716847	947
-71.15569308	-28.22403096	948
>		949
-65.27520743	-28.3143057	950
-65.23713606	-28.1858148	951
>		952
-67.90533408	-28.34665497	953
-67.86608824	-28.16694485	954
>		955
-71.04617343	-28.28400948	956
-71.01284834	-28.16526977	957
>		958
-65.47810903	-28.15797909	959
-65.60147153	-28.43451819	960
>		961
-65.47810903	-28.15797909	962
-65.23713606	-28.1858148	963
>		964
-69.63829092	-28.15589097	965
-70.17001488	-28.39281201	966
>		967
-69.63829092	-28.15589097	968
-69.81706898	-28.64202794	969
>		970
-71.01284834	-28.16526977	971
-71.00196793	-28.12650207	972
>		973
-71.15569308	-28.22403096	974
-71.00167028	-28.12544154	975
>		976
-71.00196793	-28.12650207	977
-71.00167028	-28.12544154	978
>		979
-66.24876412	-28.52426194	980
-66.1309808	-28.11380492	981
>		982
-70.48139292	-28.10731401	983
-70.63846488	-28.56149298	984
>		985
-71.1949248	-28.10135241	986
-71.15569308	-28.22403096	987
>		988
-67.86608824	-28.16694485	989
-67.83975288	-28.04635296	990
>		991
-67.33556496	-28.03192596	992
-67.69089002	-28.22820038	993
>		994
-70.33915008	-27.951525	995
-70.48139292	-28.10731401	996
>		997
-69.85485	-27.90749799	998
-70.17001488	-28.39281201	999
>		1000
-69.63829092	-28.15589097	1001
-69.52125816	-27.88040403	1002
>		1003
-69.63829092	-28.15589097	1004
-68.75114904	-27.812682	1005
>		1006
-68.75114904	-27.812682	1007
-69.25540104	-28.52049402	1008
>		1009
-71.08296156	-27.78139395	1010
-71.08209762	-27.78128794	1011
>		1012
-71.08209762	-27.78128794	1013
-71.1949248	-28.10135241	1014
>		1015
-71.08208388	-27.78124896	1016
-71.08209762	-27.78128794	1017
>		1018
-68.03277084	-27.77841999	1019
-67.95006804	-28.36795896	1020
>		1021
-66.1309808	-28.11380492	1022
-66.15537028	-27.7761594	1023
>		1024
-70.89876792	-27.75879297	1025
-71.08208388	-27.78124896	1026
>		1027
-71.00167028	-28.12544154	1028
-70.89876792	-27.75879297	1029
>		1030
-70.89876792	-27.75879297	1031
-70.73905535	-27.73542315	1032
>		1033
-70.73905535	-27.73542315	1034
-70.73903275	-27.73541984	1035
>		1036
-67.83975288	-28.04635296	1037
-67.83297912	-27.71445501	1038
>		1039
-70.73903275	-27.73541984	1040
-70.41764484	-27.68839299	1041
>		1042
-70.41764484	-27.68839299	1043
-70.95217392	-28.29184596	1044
>		1045
-70.41764484	-27.68839299	1046
-70.19191134	-27.658827	1047
>		1048
-70.19191134	-27.658827	1049
-70.33915008	-27.951525	1050
>		1051
-70.19186004	-27.65872503	1052
-70.19191134	-27.658827	1053
>		1054
-71.05364496	-27.65589408	1055
-71.08296156	-27.78139395	1056
>		1057
-70.19186004	-27.65872503	1058
-70.12730439	-27.65036495	1059
>		1060
-70.9391736	-27.61951572	1061
-71.05364496	-27.65589408	1062
>		1063
-69.52125816	-27.88040403	1064
-69.53993712	-27.61576299	1065
>		1066
-70.12730439	-27.65036495	1067
-69.79991184	-27.60796701	1068
>		1069
-69.79991184	-27.60796701	1070
-70.54950996	-28.51655301	1071
>		1072
-68.58899441	-28.34779151	1073
-68.1427515	-27.58193865	1074
>		1075
-69.53993712	-27.61576299	1076
-69.53926951	-27.5776845	1077
>		1078
-69.79991184	-27.60796701	1079
-69.53920244	-27.57334541	1080
>		1081
-69.53920244	-27.57334541	1082
-69.85485	-27.90749799	1083
>		1084
-69.53920244	-27.57334541	1085
-69.53919341	-27.57334421	1086
>		1087
-69.53926951	-27.5776845	1088
-69.53919341	-27.57334421	1089
>		1090
-69.53919326	-27.57333569	1091
-69.53920244	-27.57334541	1092
>		1093
-69.53919341	-27.57334421	1094
-69.53919326	-27.57333569	1095
>		1096
-68.12150112	-27.545139	1097
-68.75114904	-27.812682	1098
>		1099
-68.1427515	-27.58193865	1100
-68.12150112	-27.545139	1101
>		1102
-68.12150112	-27.545139	1103
-68.03277084	-27.77841999	1104
>		1105
-68.12150112	-27.545139	1106
-68.12123255	-27.54500731	1107
>		1108
-67.16108016	-27.52579197	1109
-67.33556496	-28.03192596	1110
>		1111
-66.33094779	-27.49557063	1112
-67.33556496	-28.03192596	1113
>		1114
-66.15537028	-27.7761594	1115
-66.33094779	-27.49557063	1116
>		1117
-67.91425992	-27.44351703	1118
-67.83297912	-27.71445501	1119
>		1120
-66.20161104	-27.426519	1121
-66.33094779	-27.49557063	1122
>		1123
-66.20208715	-27.41048308	1124
-66.20161104	-27.426519	1125
>		1126
-70.22889396	-27.37688004	1127
-70.41764484	-27.68839299	1128
>		1129
-68.0246593	-27.37031746	1130
-69.53919341	-27.57334421	1131
>		1132
-68.0246593	-27.37031746	1133
-68.12150112	-27.545139	1134
>		1135
-68.01775246	-27.35784903	1136
-68.0246593	-27.37031746	1137
>		1138
-70.23711363	-27.35500919	1139
-70.22889396	-27.37688004	1140
>		1141
-66.20425122	-27.33759434	1142
-66.20208715	-27.41048308	1143
>		1144
-70.73903275	-27.73541984	1145
-70.47333216	-27.324396	1146
>		1147
-67.99188355	-27.31114976	1148
-68.01775246	-27.35784903	1149
>		1150
-67.67371296	-27.29507301	1151
-67.91425992	-27.44351703	1152
>		1153
-67.91425992	-27.44351703	1154
-67.97834109	-27.28926345	1155
>		1156
-67.97894904	-27.28780002	1157
-67.99188355	-27.31114976	1158
>		1159
-67.97834109	-27.28926345	1160
-67.97894904	-27.28780002	1161
>		1162
-69.47709984	-27.56272203	1163
-69.30247459	-27.28395434	1164
>		1165
-69.240294	-27.30655899	1166
-69.30247459	-27.28395434	1167
>		1168
-66.20161104	-27.426519	1169
-65.94682968	-27.26966309	1170
>		1171
-65.94682968	-27.26966309	1172
-65.47810903	-28.15797909	1173
>		1174
-69.30247459	-27.28395434	1175
-69.29465546	-27.26434275	1176
>		1177
-69.29465546	-27.26434275	1178
-69.27850185	-27.22382695	1179
>		1180
-69.27850185	-27.22382695	1181
-69.27849261	-27.22380375	1182
>		1183
-70.89876792	-27.75879297	1184
-70.74901188	-27.21591396	1185
>		1186
-70.55738712	-27.44802	1187
-70.74901188	-27.21591396	1188
>		1189
-69.27849261	-27.22380375	1190
-69.41725975	-27.17458127	1191
>		1192
-70.74901188	-27.21591396	1193
-70.88180508	-27.140418	1194
>		1195
-70.98701328	-27.13750128	1196
-70.9391736	-27.61951572	1197
>		1198
-69.53919326	-27.57333569	1199
-69.53150412	-27.13477203	1200
>		1201
-69.53150412	-27.13477203	1202
-69.27850185	-27.22382695	1203
>		1204
-69.41725975	-27.17458127	1205
-69.53150412	-27.13477203	1206
>		1207
-70.47333216	-27.324396	1208
-70.41355665	-27.12415735	1209
>		1210
-68.86204308	-27.12013101	1211
-69.240294	-27.30655899	1212
>		1213
-66.78511092	-27.111006	1214
-67.16108016	-27.52579197	1215
>		1216
-66.20425122	-27.33759434	1217
-66.78511092	-27.111006	1218
>		1219
-70.93063152	-27.09657504	1220
-70.98701328	-27.13750128	1221
>		1222
-70.88180508	-27.140418	1223
-70.93063152	-27.09657504	1224
>		1225
-66.95218404	-27.04355397	1226
-67.67371296	-27.29507301	1227
>		1228
-66.95218404	-27.04355397	1229
-66.78511092	-27.111006	1230
>		1231
-70.3649811	-27.01477993	1232
-70.23711363	-27.35500919	1233
>		1234
-69.32201904	-27.01427202	1235
-69.41725975	-27.17458127	1236
>		1237
-70.41355665	-27.12415735	1238
-70.37385588	-26.99116596	1239
>		1240
-70.37385588	-26.99116596	1241
-70.3649811	-27.01477993	1242
>		1243
-70.22889396	-27.37688004	1244
-70.01445312	-26.94382596	1245
>		1246
-69.53150412	-27.13477203	1247
-70.01445312	-26.94382596	1248
>		1249
-66.74553563	-26.92610461	1250
-66.95218404	-27.04355397	1251
>		1252
-66.74040216	-26.92318698	1253
-66.74553563	-26.92610461	1254
>		1255
-66.74040216	-26.92318698	1256
-66.74092378	-26.92086298	1257
>		1258
-66.74092378	-26.92086298	1259
-66.74080166	-26.92072418	1260
>		1261
-67.96299204	-26.84714004	1262
-68.86204308	-27.12013101	1263
>		1264
-67.99188355	-27.31114976	1265
-67.96299204	-26.84714004	1266
>		1267
-70.26332004	-26.78587002	1268
-70.37385588	-26.99116596	1269
>		1270
-70.01445312	-26.94382596	1271
-70.26332004	-26.78587002	1272
>		1273
-67.70129616	-26.77822002	1274
-67.96299204	-26.84714004	1275
>		1276
-67.97894904	-27.28780002	1277
-67.70129616	-26.77822002	1278
>		1279
-66.95218404	-27.04355397	1280
-67.70129616	-26.77822002	1281
>		1282
-65.94682968	-27.26966309	1283
-65.13009876	-26.76684348	1284
>		1285
-70.88180508	-27.140418	1286
-70.81676964	-26.76672819	1287
>		1288
-67.94068788	-26.70387597	1289
-67.96299204	-26.84714004	1290
>		1291
-67.94068788	-26.70387597	1292
-67.70129616	-26.77822002	1293
>		1294
-66.78511092	-27.111006	1295
-66.38992416	-26.65422396	1296
>		1297
-66.499119	-26.64603801	1298
-66.74040216	-26.92318698	1299
>		1300
-70.26332004	-26.78587002	1301
-70.15551415	-26.62067788	1302
>		1303
-70.26332004	-26.78587002	1304
-70.42796604	-26.61084	1305
>		1306
-70.42796604	-26.61084	1307
-70.42786214	-26.6106883	1308
>		1309
-70.15551415	-26.62067788	1310
-70.13048796	-26.58232998	1311
>		1312
-70.54806492	-26.55876402	1313
-70.74901188	-27.21591396	1314
>		1315
-70.42796604	-26.61084	1316
-70.54806492	-26.55876402	1317
>		1318
-66.36138308	-26.55257892	1319
-66.499119	-26.64603801	1320
>		1321
-66.38992416	-26.65422396	1322
-66.36138308	-26.55257892	1323
>		1324
-67.94068788	-26.70387597	1325
-68.58690408	-26.49722202	1326
>		1327
-70.81676964	-26.76672819	1328
-70.69569516	-26.49525003	1329
>		1330
-70.69569516	-26.49525003	1331
-70.54806492	-26.55876402	1332
>		1333
-68.58551841	-26.48126615	1334
-68.58690408	-26.49722202	1335
>		1336
-66.23020116	-26.46356697	1337
-66.36138308	-26.55257892	1338
>		1339
-66.23020116	-26.46356697	1340
-66.20425122	-27.33759434	1341
>		1342
-70.13048796	-26.58232998	1343
-70.15732884	-26.43735402	1344
>		1345
-70.42786214	-26.6106883	1346
-70.32044412	-26.42018499	1347
>		1348
-69.75042696	-26.42003496	1349
-70.01445312	-26.94382596	1350
>		1351
-65.13009876	-26.76684348	1352
-64.70556552	-26.3926314	1353
>		1354
-70.69569516	-26.49525003	1355
-70.71067476	-26.3863539	1356
>		1357
-69.23482704	-26.37707499	1358
-69.32201904	-27.01427202	1359
>		1360
-69.27849261	-27.22380375	1361
-68.9344207	-26.36081733	1362
>		1363
-68.58690408	-26.49722202	1364
-68.9344207	-26.36081733	1365
>		1366
-70.71067476	-26.3863539	1367
-70.63707816	-26.32097097	1368
>		1369
-68.57038008	-26.30694897	1370
-68.58551841	-26.48126615	1371
>		1372
-70.63707816	-26.32097097	1373
-70.68448836	-26.29036089	1374
>		1375
-69.25015785	-26.23688648	1376
-69.23482704	-26.37707499	1377
>		1378
-68.9344207	-26.36081733	1379
-69.25015785	-26.23688648	1380
>		1381
-70.45488684	-26.21820402	1382
-70.54806492	-26.55876402	1383
>		1384
-70.32044412	-26.42018499	1385
-70.45488684	-26.21820402	1386
>		1387
-67.88776716	-26.21099403	1388
-67.94068788	-26.70387597	1389
>		1390
-68.39860392	-26.19615798	1391
-68.57038008	-26.30694897	1392
>		1393
-64.70556552	-26.3926314	1394
-64.85211576	-26.17299612	1395
>		1396
-64.46722248	-26.16611202	1397
-64.70556552	-26.3926314	1398
>		1399
-67.94982108	-26.15995098	1400
-67.88776716	-26.21099403	1401
>		1402
-69.53991255	-26.15281781	1403
-69.75042696	-26.42003496	1404
>		1405
-70.530543	-26.10321696	1406
-70.45488684	-26.21820402	1407
>		1408
-69.26590116	-26.092926	1409
-69.25015785	-26.23688648	1410
>		1411
-68.34268008	-26.07867	1412
-68.39860392	-26.19615798	1413
>		1414
-68.34268008	-26.07867	1415
-67.94982108	-26.15995098	1416
>		1417
-69.53150412	-27.13477203	1418
-69.47551165	-26.07577297	1419
>		1420
-69.53991255	-26.15281781	1421
-69.47524512	-26.070732	1422
>		1423
-69.47551165	-26.07577297	1424
-69.47524512	-26.070732	1425
>		1426
-70.68448836	-26.29036089	1427
-70.65985788	-26.06153004	1428
>		1429
-70.15732884	-26.43735402	1430
-70.05388788	-26.04869802	1431
>		1432
-70.04529257	-26.04390328	1433
-70.05388788	-26.04869802	1434
>		1435
-69.60100896	-26.03660598	1436
-69.53991255	-26.15281781	1437
>		1438
-70.65985788	-26.06153004	1439
-70.63358707	-26.03306546	1440
>		1441
-70.63358707	-26.03306546	1442
-70.530543	-26.10321696	1443
>		1444
-69.12839916	-26.00416197	1445
-68.34268008	-26.07867	1446
>		1447
-70.23433392	-25.99606197	1448
-70.32044412	-26.42018499	1449
>		1450
-69.10104036	-25.98571121	1451
-69.12839916	-26.00416197	1452
>		1453
-69.26590116	-26.092926	1454
-69.18377292	-25.97556996	1455
>		1456
-69.12839916	-26.00416197	1457
-69.18377292	-25.97556996	1458
>		1459
-69.80578992	-25.91030097	1460
-70.04529257	-26.04390328	1461
>		1462
-66.90542038	-25.90589675	1463
-66.74080166	-26.92072418	1464
>		1465
-69.47524512	-26.070732	1466
-69.32926296	-25.90081101	1467
>		1468
-69.32926296	-25.90081101	1469
-69.18377292	-25.97556996	1470
>		1471
-68.964876	-25.893882	1472
-69.10104036	-25.98571121	1473
>		1474
-69.80578992	-25.91030097	1475
-69.56168904	-25.83805896	1476
>		1477
-69.56168904	-25.83805896	1478
-69.60100896	-26.03660598	1479
>		1480
-70.63358707	-26.03306546	1481
-70.73528905	-25.81679778	1482
>		1483
-69.56168904	-25.83805896	1484
-69.48202212	-25.81480296	1485
>		1486
-69.48202212	-25.81480296	1487
-69.32926296	-25.90081101	1488
>		1489
-70.05388788	-26.04869802	1490
-70.02416484	-25.79989401	1491
>		1492
-69.11555399	-25.76334588	1493
-69.18377292	-25.97556996	1494
>		1495
-69.48202212	-25.81480296	1496
-69.30422599	-25.76134195	1497
>		1498
-69.86716884	-25.760673	1499
-70.02416484	-25.79989401	1500
>		1501
-69.86716884	-25.760673	1502
-69.80578992	-25.91030097	1503
>		1504
-69.86718121	-25.76036982	1505
-69.86716884	-25.760673	1506
>		1507
-69.240294	-25.74256203	1508
-69.30422599	-25.76134195	1509
>		1510
-69.24028308	-25.74211514	1511
-69.240294	-25.74256203	1512
>		1513
-68.56319304	-25.74051003	1514
-68.964876	-25.893882	1515
>		1516
-68.5633366	-25.74038995	1517
-68.56319304	-25.74051003	1518
>		1519
-67.70129616	-26.77822002	1520
-67.26570408	-25.73999802	1521
>		1522
-66.90542038	-25.90589675	1523
-67.26570408	-25.73999802	1524
>		1525
-69.23986275	-25.74198876	1526
-69.20143488	-25.73043399	1527
>		1528
-69.20143488	-25.73043399	1529
-69.32926296	-25.90081101	1530
>		1531
-69.10996974	-25.70450951	1532
-69.20143488	-25.73043399	1533
>		1534
-69.09530508	-25.70035302	1535
-69.10996974	-25.70450951	1536
>		1537
-69.09530508	-25.70035302	1538
-69.11555399	-25.76334588	1539
>		1540
-70.31574551	-25.65667077	1541
-70.45488684	-26.21820402	1542
>		1543
-67.88776716	-26.21099403	1544
-67.55179392	-25.65381303	1545
>		1546
-67.26570408	-25.73999802	1547
-67.55179392	-25.65381303	1548
>		1549
-70.31238804	-25.64312103	1550
-70.31574551	-25.65667077	1551
>		1552
-70.31238804	-25.64312103	1553
-70.23433392	-25.99606197	1554
>		1555
-65.07910728	-25.6249386	1556
-66.23020116	-26.46356697	1557
>		1558
-64.85211576	-26.17299612	1559
-65.07910728	-25.6249386	1560
>		1561
-69.20143488	-25.73043399	1562
-69.10310373	-25.56019039	1563
>		1564
-69.09493692	-25.54933398	1565
-69.09530508	-25.70035302	1566
>		1567
-69.10310373	-25.56019039	1568
-69.09492888	-25.54603704	1569
>		1570
-69.09492888	-25.54603704	1571
-69.09493692	-25.54933398	1572
>		1573
-70.34464851	-25.53518989	1574
-70.31238804	-25.64312103	1575
>		1576
-70.02416484	-25.79989401	1577
-70.34464851	-25.53518989	1578
>		1579
-70.34464851	-25.53518989	1580
-70.3449444	-25.5349455	1581
>		1582
-70.73528905	-25.81679778	1583
-70.63648675	-25.53048324	1584
>		1585
-67.86545904	-25.47361998	1586
-68.5633366	-25.74038995	1587
>		1588
-67.86545904	-25.47361998	1589
-67.55179392	-25.65381303	1590
>		1591
-69.23359404	-25.46825904	1592
-69.24028308	-25.74211514	1593
>		1594
-68.904162	-25.45531299	1595
-68.5633366	-25.74038995	1596
>		1597
-69.87978405	-25.45160186	1598
-69.86718121	-25.76036982	1599
>		1600
-69.09492888	-25.54603704	1601
-69.00165108	-25.42532598	1602
>		1603
-69.00165108	-25.42532598	1604
-68.904162	-25.45531299	1605
>		1606
-70.63648675	-25.53048324	1607
-70.50041892	-25.40653101	1608
>		1609
-70.3449444	-25.5349455	1610
-70.50041892	-25.40653101	1611
>		1612
-69.00165108	-25.42532598	1613
-69.17647757	-25.33597273	1614
>		1615
-65.21238144	-25.30004535	1616
-65.07910728	-25.6249386	1617
>		1618
-64.85211576	-26.17299612	1619
-65.21238144	-25.30004535	1620
>		1621
-69.26741996	-25.29067579	1622
-69.23359404	-25.46825904	1623
>		1624
-69.17647757	-25.33597273	1625
-69.26741996	-25.29067579	1626
>		1627
-69.26766969	-25.28936474	1628
-69.26741996	-25.29067579	1629
>		1630
-69.2693391	-25.28060048	1631
-69.26766969	-25.28936474	1632
>		1633
-69.87978405	-25.45160186	1634
-69.40180908	-25.25824098	1635
>		1636
-69.40180908	-25.25824098	1637
-69.37696512	-25.78270896	1638
>		1639
-69.27654312	-25.24277997	1640
-69.40180908	-25.25824098	1641
>		1642
-69.27654312	-25.24277997	1643
-69.2693391	-25.28060048	1644
>		1645
-67.86545904	-25.47361998	1646
-67.25504088	-25.23756798	1647
>		1648
-67.55179392	-25.65381303	1649
-67.25504088	-25.23756798	1650
>		1651
-69.87978405	-25.45160186	1652
-69.890337	-25.19140104	1653
>		1654
-69.890337	-25.19140104	1655
-69.89040947	-25.19128033	1656
>		1657
-66.98819916	-25.15656897	1658
-67.25504088	-25.23756798	1659
>		1660
-66.98819916	-25.15656897	1661
-67.26570408	-25.73999802	1662
>		1663
-66.90542038	-25.90589675	1664
-66.98819916	-25.15656897	1665
>		1666
-67.25504088	-25.23756798	1667
-67.19036616	-25.14763098	1668
>		1669
-65.44475568	-25.12647756	1670
-65.21238144	-25.30004535	1671
>		1672
-69.890337	-25.19140104	1673
-69.84263016	-25.12542204	1674
>		1675
-69.83377865	-25.12295306	1676
-69.84263016	-25.12542204	1677
>		1678
-70.50041892	-25.40653101	1679
-70.50459096	-25.11275796	1680
>		1681
-68.72148684	-25.10620497	1682
-69.00165108	-25.42532598	1683
>		1684
-67.86545904	-25.47361998	1685
-68.72148684	-25.10620497	1686
>		1687
-69.17647757	-25.33597273	1688
-69.09043212	-25.01372097	1689
>		1690
-69.09043212	-25.01372097	1691
-68.72148684	-25.10620497	1692
>		1693
-69.38157867	-24.9968195	1694
-69.83377865	-25.12295306	1695
>		1696
-69.40180908	-25.25824098	1697
-69.38157867	-24.9968195	1698
>		1699
-69.38157867	-24.9968195	1700
-69.38157708	-24.99679899	1701
>		1702
-69.380028	-24.99638697	1703
-69.38157867	-24.9968195	1704
>		1705
-69.38002719	-24.99633179	1706
-69.380028	-24.99638697	1707
>		1708
-66.40722	-24.98404797	1709
-66.23020116	-26.46356697	1710
>		1711
-67.86545904	-25.47361998	1712
-68.40820867	-24.98004864	1713
>		1714
-68.41134115	-24.97800294	1715
-68.72148684	-25.10620497	1716
>		1717
-68.41134115	-24.97800294	1718
-68.40820867	-24.98004864	1719
>		1720
-68.41073412	-24.97775202	1721
-68.41134115	-24.97800294	1722
>		1723
-68.40820867	-24.98004864	1724
-68.41073412	-24.97775202	1725
>		1726
-70.44396876	-24.96942963	1727
-70.50459096	-25.11275796	1728
>		1729
-69.38002719	-24.99633179	1730
-69.25827888	-24.95963196	1731
>		1732
-69.25827888	-24.95963196	1733
-69.27654312	-25.24277997	1734
>		1735
-69.89040947	-25.19128033	1736
-70.05361788	-24.91945002	1737
>		1738
-69.25827888	-24.95963196	1739
-69.09246288	-24.89327901	1740
>		1741
-69.09043212	-25.01372097	1742
-69.09246288	-24.89327901	1743
>		1744
-69.37806816	-24.86312604	1745
-69.38157708	-24.99679899	1746
>		1747
-69.25827888	-24.95963196	1748
-69.37806816	-24.86312604	1749
>		1750
-69.37807592	-24.86312057	1751
-69.37806816	-24.86312604	1752
>		1753
-66.82637196	-24.83555796	1754
-66.98819916	-25.15656897	1755
>		1756
-66.40722	-24.98404797	1757
-66.82637196	-24.83555796	1758
>		1759
-65.73977073	-24.80368427	1760
-66.40722	-24.98404797	1761
>		1762
-65.73977073	-24.80368427	1763
-65.44475568	-25.12647756	1764
>		1765
-65.21238144	-25.30004535	1766
-65.32323228	-24.76657539	1767
>		1768
-67.19036616	-25.14763098	1769
-67.13174592	-24.72604002	1770
>		1771
-66.82637196	-24.83555796	1772
-67.13174592	-24.72604002	1773
>		1774
-70.50459096	-25.11275796	1775
-70.59576096	-24.71100651	1776
>		1777
-68.74570373	-24.70256012	1778
-69.09246288	-24.89327901	1779
>		1780
-68.74570373	-24.70256012	1781
-68.41073412	-24.97775202	1782
>		1783
-69.69417392	-24.64053218	1784
-69.37807592	-24.86312057	1785
>		1786
-69.84263016	-25.12542204	1787
-69.69454596	-24.64027002	1788
>		1789
-69.693759	-24.63898104	1790
-69.69417392	-24.64053218	1791
>		1792
-69.6939033	-24.63891161	1793
-69.693759	-24.63898104	1794
>		1795
-68.62848804	-24.63809103	1796
-68.74570373	-24.70256012	1797
>		1798
-68.54415192	-24.59226996	1799
-68.62848804	-24.63809103	1800
>		1801
-69.2866936	-24.52885657	1802
-69.25827888	-24.95963196	1803
>		1804
-68.62848804	-24.63809103	1805
-68.56748316	-24.50041002	1806
>		1807
-69.34454496	-24.48760104	1808
-69.37807592	-24.86312057	1809
>		1810
-69.2866936	-24.52885657	1811
-69.34454496	-24.48760104	1812
>		1813
-70.05361788	-24.91945002	1814
-70.02760716	-24.47835399	1815
>		1816
-70.02760716	-24.47835399	1817
-69.6939033	-24.63891161	1818
>		1819
-66.51855504	-24.45094404	1820
-66.82637196	-24.83555796	1821
>		1822
-66.51855504	-24.45094404	1823
-66.40722	-24.98404797	1824
>		1825
-68.62848804	-24.63809103	1826
-68.871753	-24.43518504	1827
>		1828
-70.32089808	-24.42841704	1829
-70.44396876	-24.96942963	1830
>		1831
-67.98889116	-24.38699499	1832
-68.54415192	-24.59226996	1833
>		1834
-67.13174592	-24.72604002	1835
-67.98889116	-24.38699499	1836
>		1837
-69.6939033	-24.63891161	1838
-69.53739912	-24.30810702	1839
>		1840
-69.53739912	-24.30810702	1841
-69.34454496	-24.48760104	1842
>		1843
-68.44004323	-24.29991881	1844
-68.44003881	-24.29989083	1845
>		1846
-68.44003881	-24.29989083	1847
-67.98889116	-24.38699499	1848
>		1849
-68.48579808	-24.29105598	1850
-68.44003881	-24.29989083	1851
>		1852
-68.56748316	-24.50041002	1853
-68.67249192	-24.27431499	1854
>		1855
-68.67249192	-24.27431499	1856
-68.48579808	-24.29105598	1857
>		1858
-68.48579808	-24.29105598	1859
-68.49442759	-24.26028862	1860
>		1861
-68.871753	-24.43518504	1862
-68.99481216	-24.25589703	1863
>		1864
-68.99481216	-24.25589703	1865
-68.67249192	-24.27431499	1866
>		1867
-69.05531988	-24.25032	1868
-69.09246288	-24.89327901	1869
>		1870
-69.05531988	-24.25032	1871
-68.99481216	-24.25589703	1872
>		1873
-69.34454496	-24.48760104	1874
-69.28517196	-24.24590397	1875
>		1876
-69.28517196	-24.24590397	1877
-69.2866936	-24.52885657	1878
>		1879
-69.28517196	-24.24590397	1880
-69.05531988	-24.25032	1881
>		1882
-69.53739912	-24.30810702	1883
-69.49608919	-24.2377252	1884
>		1885
-69.28517196	-24.24590397	1886
-69.49608919	-24.2377252	1887
>		1888
-69.52759966	-24.21491814	1889
-69.53739912	-24.30810702	1890
>		1891
-65.32323228	-24.76657539	1892
-65.33429508	-24.1828722	1893
>		1894
-65.14281072	-24.24271104	1895
-65.33429508	-24.1828722	1896
>		1897
-69.521787	-24.15964203	1898
-69.52759966	-24.21491814	1899
>		1900
-66.33524252	-24.15214361	1901
-66.51855504	-24.45094404	1902
>		1903
-66.33524252	-24.15214361	1904
-65.73977073	-24.80368427	1905
>		1906
-64.13203224	-24.1514568	1907
-65.14281072	-24.24271104	1908
>		1909
-64.13203224	-24.1514568	1910
-64.46722248	-26.16611202	1911
>		1912
-66.51855504	-24.45094404	1913
-66.33847944	-24.14860191	1914
>		1915
-66.33847944	-24.14860191	1916
-66.33524252	-24.15214361	1917
>		1918
-70.59576096	-24.71100651	1919
-70.52926608	-24.10633755	1920
>		1921
-67.205853	-24.10114203	1922
-67.98889116	-24.38699499	1923
>		1924
-67.205853	-24.10114203	1925
-67.13174592	-24.72604002	1926
>		1927
-69.283701	-24.10106499	1928
-69.28517196	-24.24590397	1929
>		1930
-68.48579808	-24.29105598	1931
-69.02016804	-24.05203299	1932
>		1933
-66.26952396	-24.04502199	1934
-66.33847944	-24.14860191	1935
>		1936
-66.26952396	-24.04502199	1937
-66.33524252	-24.15214361	1938
>		1939
-66.26952396	-24.04502199	1940
-65.33429508	-24.1828722	1941
>		1942
-69.05531988	-24.25032	1943
-69.086925	-24.02568396	1944
>		1945
-69.02016804	-24.05203299	1946
-69.086925	-24.02568396	1947
>		1948
-69.49608919	-24.2377252	1949
-69.37989569	-23.99105201	1950
>		1951
-69.37933102	-23.9916978	1952
-69.37989569	-23.99105201	1953
>		1954
-69.37989569	-23.99105201	1955
-69.37637796	-23.98358403	1956
>		1957
-69.37637796	-23.98358403	1958
-69.37933102	-23.9916978	1959
>		1960
-69.37637796	-23.98358403	1961
-69.283701	-24.10106499	1962
>		1963
-66.79037916	-23.93978796	1964
-67.205853	-24.10114203	1965
>		1966
-66.79037916	-23.93978796	1967
-66.26952396	-24.04502199	1968
>		1969
-66.79037916	-23.93978796	1970
-66.78995579	-23.93962154	1971
>		1972
-68.84223696	-23.93637399	1973
-69.02016804	-24.05203299	1974
>		1975
-69.27542496	-23.93117397	1976
-69.283701	-24.10106499	1977
>		1978
-69.086925	-24.02568396	1979
-69.27542496	-23.93117397	1980
>		1981
-68.84223696	-23.93637399	1982
-68.84866702	-23.91074023	1983
>		1984
-69.10474896	-23.90779602	1985
-69.086925	-24.02568396	1986
>		1987
-70.02760716	-24.47835399	1988
-70.00010892	-23.89684104	1989
>		1990
-69.53739912	-24.30810702	1991
-70.00010892	-23.89684104	1992
>		1993
-68.76836496	-23.87108403	1994
-68.84223696	-23.93637399	1995
>		1996
-70.52926608	-24.10633755	1997
-70.54486344	-23.85879885	1998
>		1999
-67.23654192	-23.84367696	2000
-67.205853	-24.10114203	2001
>		2002
-67.23654192	-23.84367696	2003
-66.79037916	-23.93978796	2004
>		2005
-67.32834187	-23.82296483	2006
-67.23654192	-23.84367696	2007
>		2008
-65.33429508	-24.1828722	2009
-65.37817692	-23.7999033	2010
>		2011
-69.65882343	-23.78782139	2012
-69.521787	-24.15964203	2013
>		2014
-68.57723616	-23.78441562	2015
-68.49442759	-24.26028862	2016
>		2017
-69.33059902	-23.74487347	2018
-69.27542496	-23.93117397	2019
>		2020
-69.68313057	-23.72186886	2021
-69.65882343	-23.78782139	2022
>		2023
-70.28348721	-23.72134792	2024
-70.32089808	-24.42841704	2025
>		2026
-70.00010892	-23.89684104	2027
-70.28348721	-23.72134792	2028
>		2029
-68.84866702	-23.91074023	2030
-68.89833108	-23.71275198	2031
>		2032
-70.00010892	-23.89684104	2033
-69.81920712	-23.70275496	2034
>		2035
-68.59204416	-23.69931903	2036
-68.76836496	-23.87108403	2037
>		2038
-68.59204416	-23.69931903	2039
-68.57723616	-23.78441562	2040
>		2041
-69.65882343	-23.78782139	2042
-69.6193168	-23.68203183	2043
>		2044
-69.81920712	-23.70275496	2045
-69.72298328	-23.65636449	2046
>		2047
-68.08799883	-23.65156921	2048
-67.32834187	-23.82296483	2049
>		2050
-69.72298328	-23.65636449	2051
-69.70964292	-23.64993297	2052
>		2053
-69.70964292	-23.64993297	2054
-69.68313057	-23.72186886	2055
>		2056
-66.03959328	-23.64513497	2057
-66.26952396	-24.04502199	2058
>		2059
-66.78995579	-23.93962154	2060
-66.03924586	-23.64453074	2061
>		2062
-66.03924586	-23.64453074	2063
-66.03959328	-23.64513497	2064
>		2065
-69.58837021	-23.64137928	2066
-69.58952581	-23.64289732	2067
>		2068
-69.58837021	-23.64137928	2069
-69.37637796	-23.98358403	2070
>		2071
-67.2408626	-23.63991153	2072
-67.32834187	-23.82296483	2073
>		2074
-69.6193168	-23.68203183	2075
-69.598206	-23.62550202	2076
>		2077
-69.58952581	-23.64289732	2078
-69.598206	-23.62550202	2079
>		2080
-69.598206	-23.62550202	2081
-69.58837021	-23.64137928	2082
>		2083
-70.2780483	-23.61855193	2084
-70.28348721	-23.72134792	2085
>		2086
-70.2780476	-23.61853885	2087
-70.2780483	-23.61855193	2088
>		2089
-64.53121287	-23.61446756	2090
-64.13203224	-24.1514568	2091
>		2092
-69.37244604	-23.60357298	2093
-69.33059902	-23.74487347	2094
>		2095
-68.44003881	-24.29989083	2096
-68.329053	-23.59718199	2097
>		2098
-68.329053	-23.59718199	2099
-68.08799883	-23.65156921	2100
>		2101
-70.54486344	-23.85879885	2102
-70.40612664	-23.59516644	2103
>		2104
-70.27664856	-23.59209685	2105
-70.2780476	-23.61853885	2106
>		2107
-68.89833108	-23.71275198	2108
-68.69399508	-23.59074096	2109
>		2110
-68.08799883	-23.65156921	2111
-68.067432	-23.54414598	2112
>		2113
-69.10474896	-23.90779602	2114
-69.02781012	-23.53893399	2115
>		2116
-70.27335684	-23.52988296	2117
-70.27664856	-23.59209685	2118
>		2119
-69.99787008	-23.522634	2120
-70.2780483	-23.61855193	2121
>		2122
-69.99747152	-23.52225584	2123
-69.99787008	-23.522634	2124
>		2125
-69.99747152	-23.52225584	2126
-69.99653585	-23.52193476	2127
>		2128
-70.5358332	-23.54611842	2129
-70.64091216	-23.5215945	2130
>		2131
-69.99653585	-23.52193476	2132
-69.98919588	-23.51941596	2133
>		2134
-70.00010892	-23.89684104	2135
-69.98919588	-23.51941596	2136
>		2137
-68.59857722	-23.51636292	2138
-68.59204416	-23.69931903	2139
>		2140
-68.59861825	-23.51521374	2141
-68.59857722	-23.51636292	2142
>		2143
-68.59861825	-23.51521374	2144
-68.329053	-23.59718199	2145
>		2146
-68.59862892	-23.51491497	2147
-68.59861825	-23.51521374	2148
>		2149
-70.47262152	-23.48404218	2150
-70.5358332	-23.54611842	2151
>		2152
-70.40612664	-23.59516644	2153
-70.47262152	-23.48404218	2154
>		2155
-69.46449641	-23.47865423	2156
-69.46597662	-23.4805987	2157
>		2158
-69.46449641	-23.47865423	2159
-69.37244604	-23.60357298	2160
>		2161
-68.69399508	-23.59074096	2162
-68.69804184	-23.47839999	2163
>		2164
-68.69804184	-23.47839999	2165
-68.59862892	-23.51491497	2166
>		2167
-68.69832774	-23.47828526	2168
-68.69832804	-23.47829199	2169
>		2170
-68.69832774	-23.47828526	2171
-68.69804184	-23.47839999	2172
>		2173
-69.598206	-23.62550202	2174
-69.47262	-23.46762996	2175
>		2176
-69.46597662	-23.4805987	2177
-69.47262	-23.46762996	2178
>		2179
-69.47262	-23.46762996	2180
-69.46449641	-23.47865423	2181
>		2182
-69.98919588	-23.51941596	2183
-69.84259092	-23.45976999	2184
>		2185
-69.84259092	-23.45976999	2186
-69.70964292	-23.64993297	2187
>		2188
-68.84610192	-23.41898199	2189
-69.02794584	-23.53900302	2190
>		2191
-69.02781012	-23.53893399	2192
-68.84610192	-23.41898199	2193
>		2194
-68.69832804	-23.47829199	2195
-68.84610192	-23.41898199	2196
>		2197
-65.37817692	-23.7999033	2198
-65.88054371	-23.37060559	2199
>		2200
-65.88134712	-23.36991903	2201
-66.03924586	-23.64453074	2202
>		2203
-65.88054371	-23.37060559	2204
-65.88134712	-23.36991903	2205
>		2206
-65.88015739	-23.36991903	2207
-65.88054371	-23.37060559	2208
>		2209
-65.8809556	-23.36922335	2210
-65.88134712	-23.36991903	2211
>		2212
-65.8809556	-23.36922335	2213
-65.88015739	-23.36991903	2214
>		2215
-69.02794584	-23.53900302	2216
-68.99098896	-23.35467402	2217
>		2218
-68.84610192	-23.41898199	2219
-68.99098896	-23.35467402	2220
>		2221
-68.84610192	-23.41898199	2222
-68.72446458	-23.33352633	2223
>		2224
-68.72446458	-23.33352633	2225
-68.7242844	-23.33339975	2226
>		2227
-64.7510011	-23.31880211	2228
-64.53121287	-23.61446756	2229
>		2230
-68.7242844	-23.33339975	2231
-68.69083212	-23.30989803	2232
>		2233
-68.69083212	-23.30989803	2234
-68.69832774	-23.47828526	2235
>		2236
-67.2408626	-23.63991153	2237
-67.06464815	-23.2660929	2238
>		2239
-69.27542496	-23.93117397	2240
-69.209685	-23.25733101	2241
>		2242
-68.99098896	-23.35467402	2243
-69.209685	-23.25733101	2244
>		2245
-69.209685	-23.25733101	2246
-69.29125784	-23.22499718	2247
>		2248
-69.47262	-23.46762996	2249
-69.29168662	-23.22482722	2250
>		2251
-69.29125784	-23.22499718	2252
-69.29168662	-23.22482722	2253
>		2254
-68.69083212	-23.30989803	2255
-68.52605796	-23.20271199	2256
>		2257
-68.59862892	-23.51491497	2258
-68.52605796	-23.20271199	2259
>		2260
-69.84259092	-23.45976999	2261
-69.37022304	-23.19369696	2262
>		2263
-69.29168662	-23.22482722	2264
-69.37022304	-23.19369696	2265
>		2266
-70.05993012	-23.18960403	2267
-70.27335684	-23.52988296	2268
>		2269
-68.84439402	-23.18435852	2270
-68.7242844	-23.33339975	2271
>		2272
-70.64091216	-23.5215945	2273
-70.62367248	-23.16599712	2274
>		2275
-69.19504596	-23.13119502	2276
-69.37022304	-23.19369696	2277
>		2278
-69.209685	-23.25733101	2279
-69.19504596	-23.13119502	2280
>		2281
-70.05993012	-23.18960403	2282
-69.94637712	-23.130207	2283
>		2284
-64.49246123	-23.12318209	2285
-64.53121287	-23.61446756	2286
>		2287
-69.57499284	-23.121405	2288
-69.99747152	-23.52225584	2289
>		2290
-69.37022304	-23.19369696	2291
-69.57499284	-23.121405	2292
>		2293
-68.55920496	-23.11490097	2294
-68.69083212	-23.30989803	2295
>		2296
-69.19504596	-23.13119502	2297
-69.07895604	-23.11111998	2298
>		2299
-70.47180072	-23.08859334	2300
-70.36918488	-23.04720918	2301
>		2302
-64.25326453	-23.03893395	2303
-64.49246123	-23.12318209	2304
>		2305
-68.067432	-23.54414598	2306
-68.15036856	-23.03563488	2307
>		2308
-68.52605796	-23.20271199	2309
-68.15121012	-23.03047503	2310
>		2311
-68.15036856	-23.03563488	2312
-68.15121012	-23.03047503	2313
>		2314
-70.62367248	-23.16599712	2315
-70.51613112	-23.01808698	2316
>		2317
-70.51613112	-23.01808698	2318
-70.47180072	-23.08859334	2319
>		2320
-69.89731267	-23.00448012	2321
-69.94637712	-23.130207	2322
>		2323
-69.89731267	-23.00448012	2324
-69.57499284	-23.121405	2325
>		2326
-65.88134712	-23.36991903	2327
-66.31766114	-22.98965035	2328
>		2329
-66.31715622	-22.9890535	2330
-66.31766114	-22.98965035	2331
>		2332
-68.91341004	-22.97674296	2333
-69.07895604	-23.11111998	2334
>		2335
-68.91341004	-22.97674296	2336
-68.99098896	-23.35467402	2337
>		2338
-68.84439402	-23.18435852	2339
-68.91341004	-22.97674296	2340
>		2341
-69.39518508	-22.94130303	2342
-69.57499284	-23.121405	2343
>		2344
-69.39518508	-22.94130303	2345
-69.39519678	-22.94104707	2346
>		2347
-70.36918488	-23.04720918	2348
-70.32978	-22.94068311	2349
>		2350
-69.39519678	-22.94104707	2351
-69.38649558	-22.93231867	2352
>		2353
-67.06464815	-23.2660929	2354
-67.83472546	-22.89526164	2355
>		2356
-68.15121012	-23.03047503	2357
-67.83716484	-22.89408696	2358
>		2359
-67.83472546	-22.89526164	2360
-67.83716484	-22.89408696	2361
>		2362
-67.83716484	-22.89408696	2363
-67.8208668	-22.8890984	2364
>		2365
-67.8208668	-22.8890984	2366
-67.83472546	-22.89526164	2367
>		2368
-69.38649558	-22.93231867	2369
-69.334317	-22.87997703	2370
>		2371
-67.06464815	-23.2660929	2372
-66.87990304	-22.87417747	2373
>		2374
-68.47203996	-22.87351503	2375
-68.55920496	-23.11490097	2376
>		2377
-69.334317	-22.87997703	2378
-69.31421621	-22.85758667	2379
>		2380
-69.89731267	-23.00448012	2381
-69.85845165	-22.8147055	2382
>		2383
-67.64421816	-22.81053897	2384
-67.8208668	-22.8890984	2385
>		2386
-64.82144729	-22.79811363	2387
-64.7510011	-23.31880211	2388
>		2389
-68.91341004	-22.97674296	2390
-68.67518796	-22.79520504	2391
>		2392
-69.228497	-22.76895878	2393
-69.31421621	-22.85758667	2394
>		2395
-69.19504596	-23.13119502	2396
-69.228497	-22.76895878	2397
>		2398
-66.31766114	-22.98965035	2399
-66.78926519	-22.68189972	2400
>		2401
-66.79017504	-22.68130599	2402
-66.87990304	-22.87417747	2403
>		2404
-66.78926519	-22.68189972	2405
-66.79017504	-22.68130599	2406
>		2407
-66.78926519	-22.68189972	2408
-66.78898531	-22.68130599	2409
>		2410
-66.00650616	-22.62184101	2411
-66.31715622	-22.9890535	2412
>		2413
-66.89291292	-22.60506699	2414
-67.64421816	-22.81053897	2415
>		2416
-66.89291292	-22.60506699	2417
-66.79017504	-22.68130599	2418
>		2419
-64.76077104	-22.6018081	2420
-64.82144729	-22.79811363	2421
>		2422
-68.52605796	-23.20271199	2423
-68.281569	-22.587129	2424
>		2425
-68.67518796	-22.79520504	2426
-68.49559692	-22.58220699	2427
>		2428
-68.49559692	-22.58220699	2429
-68.47203996	-22.87351503	2430
>		2431
-68.99031663	-22.5226963	2432
-69.228497	-22.76895878	2433
>		2434
-65.37794184	-22.47542343	2435
-65.8809556	-23.36922335	2436
>		2437
-65.37794184	-22.47542343	2438
-65.37817692	-23.7999033	2439
>		2440
-65.37794184	-22.47542343	2441
-64.7510011	-23.31880211	2442
>		2443
-68.92104492	-22.45107402	2444
-68.99031663	-22.5226963	2445
>		2446
-64.43871316	-22.44177484	2447
-64.49246123	-23.12318209	2448
>		2449
-68.99031663	-22.5226963	2450
-68.90389812	-22.43581002	2451
>		2452
-69.07895604	-23.11111998	2453
-68.90389812	-22.43581002	2454
>		2455
-67.92018804	-22.42089504	2456
-67.64421816	-22.81053897	2457
>		2458
-68.92104492	-22.45107402	2459
-69.02094816	-22.34428002	2460
>		2461
-66.00650616	-22.62184101	2462
-65.87733276	-22.320387	2463
>		2464
-69.85845165	-22.8147055	2465
-69.75541188	-22.31152497	2466
>		2467
-68.73191712	-22.26572604	2468
-68.90389812	-22.43581002	2469
>		2470
-68.73191712	-22.26572604	2471
-68.91341004	-22.97674296	2472
>		2473
-66.57545304	-22.25257002	2474
-66.79017504	-22.68130599	2475
>		2476
-69.42771108	-22.22993898	2477
-69.75541188	-22.31152497	2478
>		2479
-69.39519678	-22.94104707	2480
-69.42771108	-22.22993898	2481
>		2482
-63.69647065	-22.18946637	2483
-64.25326453	-23.03893395	2484
>		2485
-69.75541188	-22.31152497	2486
-69.75681647	-22.17383764	2487
>		2488
-68.281569	-22.587129	2489
-68.02863192	-22.16384199	2490
>		2491
-68.02863192	-22.16384199	2492
-67.92018804	-22.42089504	2493
>		2494
-65.6399718	-22.14087039	2495
-65.37794184	-22.47542343	2496
>		2497
-69.12432792	-22.11414399	2498
-69.42771108	-22.22993898	2499
>		2500
-69.02094816	-22.34428002	2501
-69.12432792	-22.11414399	2502
>		2503
-67.52290212	-22.10097798	2504
-66.89291292	-22.60506699	2505
>		2506
-68.52629714	-22.06315583	2507
-68.73191712	-22.26572604	2508
>		2509
-68.52629714	-22.06315583	2510
-68.49559692	-22.58220699	2511
>		2512
-69.12432792	-22.11414399	2513
-69.17409288	-22.02835104	2514
>		2515
-68.690475	-21.993903	2516
-68.73191712	-22.26572604	2517
>		2518
-65.87733276	-22.320387	2519
-65.8261908	-21.98331207	2520
>		2521
-65.8261908	-21.98331207	2522
-65.6399718	-22.14087039	2523
>		2524
-68.90389812	-22.43581002	2525
-68.87373607	-21.98060493	2526
>		2527
-69.75681647	-22.17383764	2528
-69.75897721	-21.96202609	2529
>		2530
-64.68966387	-21.95811682	2531
-64.76077104	-22.6018081	2532
>		2533
-68.53269492	-21.95498799	2534
-68.52629714	-22.06315583	2535
>		2536
-68.87373607	-21.98060493	2537
-68.87201009	-21.95455641	2538
>		2539
-68.87175516	-21.95070903	2540
-69.12432792	-22.11414399	2541
>		2542
-68.87201009	-21.95455641	2543
-68.87175516	-21.95070903	2544
>		2545
-69.75897721	-21.96202609	2546
-69.759909	-21.87068598	2547
>		2548
-66.45178584	-21.81375099	2549
-66.57545304	-22.25257002	2550
>		2551
-64.66312939	-21.81274377	2552
-64.68966387	-21.95811682	2553
>		2554
-68.30061984	-21.80053998	2555
-68.53269492	-21.95498799	2556
>		2557
-68.02863192	-22.16384199	2558
-68.30061984	-21.80053998	2559
>		2560
-69.15497769	-21.75596326	2561
-69.17409288	-22.02835104	2562
>		2563
-69.15494397	-21.75548274	2564
-69.15497769	-21.75596326	2565
>		2566
-69.15494397	-21.75548274	2567
-69.11326908	-21.74805603	2568
>		2569
-69.11326908	-21.74805603	2570
-68.99003694	-21.74287711	2571
>		2572
-68.99003694	-21.74287711	2573
-68.86042332	-21.73743001	2574
>		2575
-68.87175516	-21.95070903	2576
-68.86042332	-21.73743001	2577
>		2578
-69.15367642	-21.73742044	2579
-69.15494397	-21.75548274	2580
>		2581
-69.15335112	-21.73278501	2582
-69.15367642	-21.73742044	2583
>		2584
-67.87348092	-21.73022802	2585
-67.52290212	-22.10097798	2586
>		2587
-68.30061984	-21.80053998	2588
-68.20226496	-21.72780396	2589
>		2590
-68.20226496	-21.72780396	2591
-67.87348092	-21.73022802	2592
>		2593
-68.66149506	-21.71138529	2594
-68.690475	-21.993903	2595
>		2596
-68.66149506	-21.71138529	2597
-68.20226496	-21.72780396	2598
>		2599
-68.66245512	-21.71135097	2600
-68.66149506	-21.71138529	2601
>		2602
-68.66148792	-21.71131563	2603
-68.66149506	-21.71138529	2604
>		2605
-67.87348092	-21.73022802	2606
-67.55201425	-21.70314512	2607
>		2608
-69.759909	-21.87068598	2609
-69.81164358	-21.70172127	2610
>		2611
-65.8261908	-21.98331207	2612
-65.78284788	-21.68380197	2613
>		2614
-69.42771108	-22.22993898	2615
-69.40378692	-21.66437898	2616
>		2617
-69.15335112	-21.73278501	2618
-69.40378692	-21.66437898	2619
>		2620
-70.32978	-22.94068311	2621
-70.164774	-21.66313824	2622
>		2623
-66.46797216	-21.66203601	2624
-67.55201425	-21.70314512	2625
>		2626
-66.46797216	-21.66203601	2627
-66.45178584	-21.81375099	2628
>		2629
-66.46797216	-21.66203601	2630
-65.78284788	-21.68380197	2631
>		2632
-64.43871316	-22.44177484	2633
-64.19257251	-21.66043741	2634
>		2635
-68.12734212	-21.651327	2636
-68.20226496	-21.72780396	2637
>		2638
-68.66245512	-21.71135097	2639
-68.66181972	-21.64667213	2640
>		2641
-68.66181972	-21.64667213	2642
-68.66181814	-21.64651083	2643
>		2644
-69.40378692	-21.66437898	2645
-69.82847598	-21.61852676	2646
>		2647
-69.81164358	-21.70172127	2648
-69.83741196	-21.61756197	2649
>		2650
-69.82847598	-21.61852676	2651
-69.83741196	-21.61756197	2652
>		2653
-63.10783572	-21.60573265	2654
-63.69647065	-22.18946637	2655
>		2656
-68.176683	-21.59683101	2657
-68.12734212	-21.651327	2658
>		2659
-69.10021116	-21.571578	2660
-69.15335112	-21.73278501	2661
>		2662
-69.10021116	-21.571578	2663
-68.86042332	-21.73743001	2664
>		2665
-65.78284788	-21.68380197	2666
-65.19451716	-21.52870416	2667
>		2668
-68.77242361	-21.4554	2669
-68.86042332	-21.73743001	2670
>		2671
-68.77242361	-21.4554	2672
-68.771772	-21.45331197	2673
>		2674
-68.771772	-21.45331197	2675
-68.66181814	-21.64651083	2676
>		2677
-64.19257251	-21.66043741	2678
-64.12545869	-21.44739439	2679
>		2680
-70.164774	-21.66313824	2681
-70.06626216	-21.43705788	2682
>		2683
-65.19451716	-21.52870416	2684
-64.71084886	-21.39965104	2685
>		2686
-64.71084886	-21.39965104	2687
-64.66312939	-21.81274377	2688
>		2689
-67.86194904	-21.38465304	2690
-68.12734212	-21.651327	2691
>		2692
-69.10021116	-21.571578	2693
-68.95935	-21.35549097	2694
>		2695
-69.40378692	-21.66437898	2696
-69.39778284	-21.30561504	2697
>		2698
-69.39778284	-21.30561504	2699
-69.10021116	-21.571578	2700
>		2701
-68.171967	-21.29397003	2702
-68.176683	-21.59683101	2703
>		2704
-67.67317692	-21.26415996	2705
-67.86194904	-21.38465304	2706
>		2707
-68.95935	-21.35549097	2708
-68.94339129	-21.25905875	2709
>		2710
-64.71084886	-21.39965104	2711
-64.1674546	-21.25466174	2712
>		2713
-64.1674546	-21.25466174	2714
-64.12545869	-21.44739439	2715
>		2716
-64.71084886	-21.39965104	2717
-64.72157909	-21.18611285	2718
>		2719
-68.94339129	-21.25905875	2720
-68.9307469	-21.18265367	2721
>		2722
-68.9307469	-21.18265367	2723
-68.93061192	-21.18183804	2724
>		2725
-68.93061192	-21.18183804	2726
-68.771772	-21.45331197	2727
>		2728
-68.9307469	-21.18265367	2729
-68.93075406	-21.16991956	2730
>		2731
-68.93061192	-21.18183804	2732
-68.93075406	-21.16991956	2733
>		2734
-62.95317075	-21.09414854	2735
-63.10783572	-21.60573265	2736
>		2737
-69.39778284	-21.30561504	2738
-69.73510788	-21.08974698	2739
>		2740
-68.66181814	-21.64651083	2741
-68.655807	-21.03462198	2742
>		2743
-67.16710512	-21.01915701	2744
-67.67317692	-21.26415996	2745
>		2746
-67.16710512	-21.01915701	2747
-66.45217104	-21.01169601	2748
>		2749
-66.45217104	-21.01169601	2750
-66.46797216	-21.66203601	2751
>		2752
-69.83741196	-21.61756197	2753
-69.96348132	-20.9538404	2754
>		2755
-69.73510788	-21.08974698	2756
-69.96348132	-20.9538404	2757
>		2758
-68.40014688	-20.93525199	2759
-68.171967	-21.29397003	2760
>		2761
-68.655807	-21.03462198	2762
-68.55627539	-20.93169936	2763
>		2764
-68.55627539	-20.93169936	2765
-68.40014688	-20.93525199	2766
>		2767
-69.41209896	-20.91347901	2768
-69.73510788	-21.08974698	2769
>		2770
-69.41209896	-20.91347901	2771
-69.39778284	-21.30561504	2772
>		2773
-69.41174375	-20.91321283	2774
-69.41209896	-20.91347901	2775
>		2776
-64.72157909	-21.18611285	2777
-64.70254341	-20.90057752	2778
>		2779
-68.93092718	-20.86224124	2780
-68.655807	-21.03462198	2781
>		2782
-68.93075406	-21.16991956	2783
-68.93444988	-20.86003404	2784
>		2785
-68.93444988	-20.86003404	2786
-68.93092718	-20.86224124	2787
>		2788
-64.15788281	-20.8268032	2789
-64.1674546	-21.25466174	2790
>		2791
-70.06626216	-21.43705788	2792
-70.20775584	-20.80847097	2793
>		2794
-69.96348132	-20.9538404	2795
-70.20775584	-20.80847097	2796
>		2797
-64.70254341	-20.90057752	2798
-64.64543634	-20.56745298	2799
>		2800
-68.93110116	-20.55303297	2801
-69.41174375	-20.91321283	2802
>		2803
-68.93110116	-20.55303297	2804
-68.93444988	-20.86003404	2805
>		2806
-64.26025358	-20.52250159	2807
-64.15788281	-20.8268032	2808
>		2809
-68.81398189	-20.48777492	2810
-68.93110116	-20.55303297	2811
>		2812
-68.655807	-21.03462198	2813
-68.81398189	-20.48777492	2814
>		2815
-64.64543634	-20.56745298	2816
-64.59831525	-20.46064517	2817
>		2818
-64.59831525	-20.46064517	2819
-64.44678038	-20.42218664	2820
>		2821
-63.13253839	-20.39773223	2822
-62.95317075	-21.09414854	2823
>		2824
-69.38217216	-20.20859397	2825
-68.93110116	-20.55303297	2826
>		2827
-69.73510788	-21.08974698	2828
-69.84605808	-20.14845804	2829
>		2830
-69.55481484	-19.988559	2831
-69.38217216	-20.20859397	2832
>		2833
-64.25091005	-19.95469042	2834
-64.26025358	-20.52250159	2835
>		2836
-63.16109193	-19.89090704	2837
-63.13253839	-20.39773223	2838
>		2839
-64.44678038	-20.42218664	2840
-64.47411515	-19.72036487	2841
>		2842
-67.48140888	-19.68897303	2843
-67.04672184	-21.017817	2844
>		2845
-69.84605808	-20.14845804	2846
-69.98138496	-19.62161199	2847
>		2848
-69.98138496	-19.62161199	2849
-69.55481484	-19.988559	2850
>		2851
-66.59336586	-19.58890042	2852
-66.45217104	-21.01169601	2853
>		2854
-64.11800303	-19.37631184	2855
-64.25091005	-19.95469042	2856
>		2857
-64.47802851	-19.72768357	2858
-64.69778448	-19.35868679	2859
>		2860
-67.66420788	-19.33014699	2861
-67.48140888	-19.68897303	2862
>		2863
-67.66420788	-19.33014699	2864
-66.59336586	-19.58890042	2865
>		2866
-70.20775584	-20.80847097	2867
-70.26252552	-19.32545106	2868
>		2869
-70.26252552	-19.32545106	2870
-69.98138496	-19.62161199	2871
>		2872
-70.26252552	-19.32545106	2873
-70.07099688	-19.26902997	2874
>		2875
-70.07099688	-19.26902997	2876
-69.98138496	-19.62161199	2877
>		2878
-69.23782692	-19.022445	2879
-70.07099688	-19.26902997	2880
>		2881
-68.81398189	-20.48777492	2882
-69.23782692	-19.022445	2883
>		2884
-64.69778448	-19.35868679	2885
-64.82627538	-18.97797303	2886
>		2887
-69.23782692	-19.022445	2888
-68.96270304	-18.92739897	2889
>		2890
-64.22075891	-18.92276098	2891
-64.11800303	-19.37631184	2892
>		2893
-63.41807372	-18.91294857	2894
-63.16109193	-19.89090704	2895
>		2896
-66.59336586	-19.58890042	2897
-66.66780096	-18.83883096	2898
>		2899
-64.26092999	-18.74545114	2900
-64.22075891	-18.92276098	2901
>		2902
-68.96270304	-18.92739897	2903
-68.54990845	-18.69191327	2904
>		2905
-68.54990845	-18.69191327	2906
-67.66420788	-19.33014699	2907
>		2908
-70.26252552	-19.32545106	2909
-70.51931424	-18.5528637	2910
>		2911
-69.42000492	-18.44977302	2912
-69.23782692	-19.022445	2913
>		2914
-70.18435	-18.44850832	2915
-70.07099688	-19.26902997	2916
>		2917
-68.59749767	-18.4242239	2918
-68.54990845	-18.69191327	2919
>		2920
-68.98963191	-18.37853959	2921
-69.42000492	-18.44977302	2922
>		2923
-68.98963191	-18.37853959	2924
-68.72836803	-18.34689142	2925
>		2926
-68.72836803	-18.34689142	2927
-68.59749767	-18.4242239	2928
>		2929
-69.42000492	-18.44977302	2930
-69.49864908	-18.30002598	2931
>		2932
-69.49824174	-18.29979769	2933
-69.49864908	-18.30002598	2934
>		2935
-69.49864908	-18.30002598	2936
-69.57114155	-18.17326044	2937
>		2938
-64.82627538	-18.97797303	2939
-65.37831033	-18.11660815	2940
>		2941
-69.13315296	-18.09518742	2942
-69.49824174	-18.29979769	2943
>		2944
-69.13315296	-18.09518742	2945
-68.98963191	-18.37853959	2946
>		2947
-64.73086607	-17.89264324	2948
-64.26092999	-18.74545114	2949
>		2950
-70.51931424	-18.5528637	2951
-70.82149068	-17.89009353	2952
>		2953
-70.18487939	-18.44831707	2954
-70.42853619	-17.88866784	2955
>		2956
-63.51258204	-17.83553618	2957
-63.41807372	-18.91294857	2958
>		2959
-69.57114155	-18.17326044	2960
-69.80193396	-17.76968028	2961
>		2962
-66.66780096	-18.83883096	2963
-67.10651994	-17.75939342	2964
>		2965
-69.3068526	-17.60964354	2966
-69.13315296	-18.09518742	2967
>		2968
-69.80193396	-17.76968028	2969
-69.9138756	-17.45420823	2970
>		2971
-65.37831033	-18.11660815	2972
-65.95413989	-17.39801092	2973
>		2974
-69.62578992	-17.30143701	2975
-69.3068526	-17.60964354	2976
>		2977
-69.72995412	-17.23792293	2978
-69.62578992	-17.30143701	2979
>		2980
-65.95413989	-17.39801092	2981
-66.83424186	-16.49400576	2982
>		2983
-66.83424186	-16.49400576	2984
-67.64355721	-15.91322726	2985
>		2986
-67.64355721	-15.91322726	2987
-68.21225474	-15.26623737	2988
