-68.685 -21.826 124
-64.882 -21.461 209
-68.982 -22.273 127
-65.733 -21.410 207
-64.675 -21.390 235
-69.035 -23.537 161
-65.923 -24.446 203
-69.980 -26.840 112
-65.973 -27.174 205
-67.591 -27.080 90
-70.392 -29.846 76
-67.924 -30.137 227
-70.260 -29.980 78
-67.543 -30.562 227
-70.631 -30.026 77
-68.160 -31.357 228
-70.765 -31.467 177
-70.130 -33.491 174
-69.544 -33.612 190
-69.572 -33.621 190
-70.632 -35.048 194
-69.877 -35.874 214
-69.592 -35.576 213
-70.815 -31.684 177
-70.709 -32.297 171
-70.600 -32.535 176
-70.128 -33.497 174
-70.117 -34.069 194
-68.682 -21.839 124
-69.430 -26.228 114
-67.591 -27.080 90
-66.124 -27.171 205
-66.051 -27.169 205
-66.006 -27.162 205
-70.284 -29.797 76
-70.321 -29.944 78
-69.572 -33.621 190
