-68.685 -21.826 1
-64.882 -21.461 1
-68.982 -22.273 1
-65.733 -21.410 1
-64.675 -21.390 1
-69.035 -23.537 1
-65.923 -24.446 1
-69.980 -26.840 1
-65.973 -27.174 1
-67.591 -27.080 1
-70.392 -29.846 1
-67.924 -30.137 1
-70.260 -29.980 1
-67.543 -30.562 1
-70.631 -30.026 1
-68.160 -31.357 1
-70.765 -31.467 1
-70.130 -33.491 1
-69.544 -33.612 1
-69.572 -33.621 1
-70.632 -35.048 1
-69.877 -35.874 1
-69.592 -35.576 1
-70.815 -31.684 1
-70.709 -32.297 1
-70.600 -32.535 1
-70.128 -33.497 1
-70.117 -34.069 1
-68.682 -21.839 1
-69.430 -26.228 1
-67.591 -27.080 1
-66.124 -27.171 1
-66.051 -27.169 1
-66.006 -27.162 1
-70.284 -29.797 1
-70.321 -29.944 1
-69.572 -33.621 1
