-70.369	-29.834	1460	61.37	3.89	4	1
-70.369	-29.834	1460	19.32	3.26	3	1
-70.369	-29.834	1460	28.00	1.30	1	1
-70.379	-29.842	1386	76.89	3.88	4	1
-70.499	-29.854	1057	53.40	6.45	4	1
-70.499	-29.854	1057	14.83	4.25	3	1
-70.499	-29.854	1057	34.60	3.60	1	1
-70.519	-30.018	976	108.84	6.71	4	1
-70.519	-30.018	976	16.57	3.27	3	1
-70.631	-30.026	732	32.72	2.38	4	1
-70.631	-30.026	732	12.11	1.71	3	1
-70.631	-30.026	732	29.30	2.10	1	1
-70.734	-30.038	600	48.36	1.54	4	1
-71.066	-29.983	212	74.68	4.96	4	1
-71.066	-29.983	212	39.45	1.63	3	1
-71.239	-29.748	265	76.37	5.98	4	1
-70.976	-29.649	950	75.20	2.22	4	1
-70.976	-29.649	950	29.92	4.86	3	1
-70.666	-29.749	1875	15.51	1.91	3	1
-70.263	-29.977	1599	49.39	2.07	4	1
-70.263	-29.977	1599	20.29	5.90	3	1
-70.491	-30.164	1389	132.43	21.61	4	1
-70.491	-30.164	1389	26.29	2.30	3	1
-70.491	-30.164	1389	27.20	2.10	1	1
-70.388	-30.146	1552	52.52	19.32	4	1
-70.645	-30.217	2015	17.87	5.53	3	1
-70.645	-30.217	2015	30.30	1.50	1	1
-70.854	-29.413	740	48.36	3.66	4	1
-70.854	-29.413	740	33.81	1.69	3	1
-70.755	-29.451	1056	56.75	4.46	4	1
-70.755	-29.451	1056	29.62	4.69	3	1
-70.575	-29.462	2630	11.87	5.21	3	1
-70.575	-29.462	2630	35.10	2.00	1	1
-70.592	-29.451	2390	35.16	8.52	3	1
-70.592	-29.451	2390	38.06	1.58	4	1
-71.014	-28.972	610	80.53	5.41	4	1
-71.014	-28.972	610	55.50	8.38	3	1
-70.886	-29.052	861	65.04	6.46	4	1
-70.886	-29.052	861	47.05	9.03	3	1
-70.761	-29.103	1386	37.68	1.40	3	1
-70.654	-28.592	733	43.73	3.31	3	1
-70.461	-28.962	1285	13.25	0.15	3	1
-70.461	-28.962	1285	41.40	3.40	1	1
-70.347	-29.178	1885	30.95	4.52	4	1
-70.347	-29.178	1885	27.25	0.83	3	1
-70.347	-29.178	1885	35.00	5.00	1	1
-70.354	-29.322	2170	19.53	2.60	3	1
-70.302	-29.007	1690	63.57	1.88	4	1
-70.302	-29.007	1690	16.81	1.65	3	1
-70.302	-29.007	1690	26.70	2.70	1	1
-70.127	-29.074	1855	34.26	1.09	4	1
-70.543	-28.565	1121	37.52	3.37	3	1
-70.480	-28.595	2078	53.42	12.15	4	1
-70.480	-28.595	2078	51.77	1.56	3	1
-70.409	-28.376	1053	61.18	1.86	4	1
-70.493	-28.295	750	37.44	1.24	4	1
-70.493	-28.295	750	49.65	3.35	3	1
-70.724	-28.455	678	107.64	9.90	4	1
-70.949	-28.146	206	99.09	5.25	4	1
-71.089	-28.118	90	92.18	6.95	4	1
-70.422	-26.696	708	93.37	1.27	4	1
-70.340	-26.855	1075	84.06	3.02	4	1
-70.340	-26.855	1075	54.04	6.41	3	1
-70.090	-27.594	984	52.96	3.00	4	1
-70.090	-27.594	984	32.39	2.43	3	1
-69.768	-27.672	2436	32.52	2.43	4	1
-69.768	-27.672	2436	27.01	1.37	3	1
-69.806	-27.956	1704	50.46	5.80	4	1
-69.806	-27.956	1704	22.84	5.33	3	1
-69.844	-27.980	1578	59.33	8.07	4	1
-70.126	-27.822	918	53.39	2.05	4	1
-70.126	-27.822	918	30.25	4.28	3	1
-69.818	-28.186	1732	12.49	3.65	3	1
-69.760	-28.116	2386	150.82	28.55	4	1
-69.760	-28.116	2386	53.72	3.82	3	1
-69.775	-28.104	3416	132.82	10.60	4	1
-69.775	-28.104	3416	36.08	0.60	3	1
-69.785	-28.104	3641	135.66	27.20	4	1
-69.785	-28.104	3641	36.94	2.35	3	1
-70.131	-27.427	929	61.20	1.70	4	1
-70.131	-27.427	929	36.40	8.02	3	1
-69.967	-27.414	1363	49.11	1.47	4	1
-69.967	-27.414	1363	43.40	1.02	3	1
-69.679	-27.360	2728	35.50	0.44	3	1
-69.666	-27.375	2954	62.54	15.56	4	1
-69.677	-27.427	3128	72.71	8.54	4	1
-69.677	-27.427	3128	35.19	2.40	3	1
-69.655	-27.484	2739	24.74	0.58	3	1
-69.681	-27.481	2632	37.13	3.99	4	1
-70.411	-27.431	982	78.34	6.04	4	1
-70.365	-27.522	950	78.07	12.08	4	1
-69.952	-27.100	1724	40.92	5.97	3	1
-69.890	-26.813	1740	40.61	3.44	3	1
-69.852	-26.694	1764	46.70	1.60	4	1
-69.852	-26.694	1764	37.57	6.38	3	1
-69.718	-26.685	1966	20.81	3.07	3	1
-69.765	-27.119	1510	57.30	10.95	4	1
-69.667	-26.947	2708	50.05	5.68	4	1
-69.667	-26.947	2708	30.01	1.65	3	1
-70.356	-27.212	831	84.46	13.14	4	1
-70.356	-27.212	831	49.40	1.87	3	1
-70.374	-27.084	1423	83.47	2.19	4	1
-70.454	-26.946	800	103.70	4.07	4	1
-70.197	-26.809	1305	83.77	3.92	4	1
-70.197	-26.809	1305	20.98	7.31	3	1
-69.969	-26.850	2135	61.86	6.46	4	1
-69.984	-26.840	1952	65.80	0.75	4	1
-69.984	-26.840	1952	21.82	0.21	3	1
-69.786	-26.592	1784	44.43	1.01	4	1
-69.786	-26.592	1784	34.33	2.19	3	1
-69.665	-26.538	2338	39.44	2.96	4	1
-69.665	-26.538	2338	36.75	7.94	3	1
-70.356	-26.411	352	92.37	4.77	4	1
-70.434	-26.384	251	110.82	5.89	4	1
-70.001	-26.367	873	87.69	3.44	4	1
-69.749	-26.339	1336	32.70	1.11	3	1
-69.328	-26.458	2758	119.12	21.16	4	1
-69.328	-26.458	2758	36.78	4.33	3	1
-69.972	-24.098	1088	79.79	9.81	4	1
-69.972	-24.098	1088	48.91	6.54	3	1
-69.972	-24.098	1088	40.80	4.30	1	1
-69.271	-25.235	3817	76.44	4.58	4	1
-69.271	-25.235	3817	49.28	13.44	3	1
-69.271	-25.235	3817	54.10	5.40	1	1
-69.084	-25.380	4020	127.61	27.10	4	1
-69.084	-25.380	4020	64.42	2.89	3	1
-69.084	-25.380	4020	48.90	2.80	1	1
-69.436	-25.746	2700	36.77	0.24	3	1
-69.436	-25.746	2700	35.90	5.00	1	1
-70.163	-25.781	1091	112.09	7.89	4	1
-70.163	-25.781	1091	16.50	0.99	3	1
-70.018	-25.942	1162	69.55	22.53	4	1
-69.577	-26.332	2604	32.10	3.33	3	1
-69.577	-26.332	2604	30.00	4.30	1	1
-69.612	-26.099	2007	31.10	3.32	3	1
-69.612	-26.099	2007	61.80	5.00	1	1
-69.445	-26.201	2804	33.12	3.92	4	1
-69.445	-26.201	2804	32.88	0.78	3	1
-69.438	-26.220	3166	60.18	7.41	4	1
-69.438	-26.220	3166	35.81	0.70	3	1
-69.438	-26.220	3166	33.50	2.40	1	1
-69.421	-26.242	3433	95.84	5.92	4	1
-69.421	-26.242	3433	37.20	2.44	3	1
-69.421	-26.242	3433	37.20	2.20	1	1
-69.415	-26.258	3762	109.67	10.23	4	1
-69.415	-26.258	3762	33.67	2.83	3	1
-69.415	-26.258	3762	50.80	2.30	1	1
-69.243	-26.156	3304	114.61	30.34	4	1
-69.243	-26.156	3304	30.49	0.31	3	1
-69.243	-26.156	3304	60.30	5.90	1	1
-69.066	-26.524	3614	112.37	36.29	4	1
-69.066	-26.524	3614	40.29	2.96	3	1
-69.856	-25.404	1716	57.95	4.63	4	1
-69.856	-25.404	1716	51.46	0.39	3	1
-69.856	-25.404	1716	51.20	6.70	1	1
-69.345	-24.825	2814	119.80	21.50	4	1
-69.345	-24.825	2814	53.88	7.57	3	1
-69.345	-24.825	2814	36.40	3.30	1	1
-69.181	-24.701	3625	30.09	1.97	3	1
-69.181	-24.701	3625	42.30	4.80	1	1
-68.750	-24.140	3054	121.46	10.42	4	1
-68.750	-24.140	3054	40.96	1.18	3	1
-68.750	-24.140	3054	49.60	2.70	1	1
-68.512	-24.155	3441	221.29	23.88	4	1
-68.512	-24.155	3441	42.59	7.42	3	1
-68.475	-24.289	3506	221.28	5.58	4	1
-68.475	-24.289	3506	37.43	4.98	3	1
-68.666	-24.415	3619	199.60	29.29	4	1
-68.666	-24.415	3619	33.41	2.14	3	1
-68.666	-24.415	3619	24.00	3.30	1	1
-69.938	-23.740	653	79.82	6.76	4	1
-69.938	-23.740	653	51.41	2.84	3	1
-69.636	-23.890	1265	60.01	10.77	3	1
-69.636	-23.890	1265	35.90	4.50	1	1
-69.815	-23.224	1254	72.77	3.13	3	1
-69.815	-23.224	1254	74.20	4.40	1	1
-69.598	-23.388	1510	26.97	4.72	3	1
-68.937	-22.791	2755	64.65	5.00	4	1
-68.937	-22.791	2755	38.62	5.74	3	1
-68.937	-22.791	2755	40.22	2.30	1	1
-68.608	-21.906	3132	45.68	1.94	3	1
-68.990	-23.582	2436	28.96	2.90	3	1
-69.501	-23.755	1907	41.03	2.21	3	1
-69.381	-24.444	2098	26.73	8.40	3	1
-68.883	-24.845	3410	205.39	41.38	4	1
-68.883	-24.845	3410	42.09	1.36	3	1
-70.054	-25.743	1319	80.17	4.80	4	1
-70.054	-25.743	1319	48.23	7.16	3	1
-70.420	-28.775	876	50.22	17.09	4	1
-70.295	-28.850	1089	50.88	17.85	4	1
-70.295	-28.850	1089	25.90	1.80	1	1
-70.523	-28.722	710	51.94	1.92	4	1
-70.324	-28.859	2032	112.19	19.56	4	1
-70.324	-28.859	2032	40.50	3.00	1	1
-70.223	-28.970	1298	101.63	2.91	4	1
-70.223	-28.970	1298	24.60	1.30	1	1
-70.223	-28.941	2864	30.20	2.34	3	1
-70.223	-28.941	2864	32.60	1.90	1	1
-70.007	-28.792	2570	33.40	3.50	1	1
-70.007	-28.792	2570	46.52	2.41	4	1
-70.464	-28.674	2220	72.20	5.70	1	1
-70.430	-28.627	2225	59.10	3.00	1	1
-70.546	-28.871	2398	73.90	5.80	1	1
-70.797	-32.104	960	16.94	5.08	3	1
-70.951	-32.257	524	26.32	4.89	3	1
-71.067	-32.336	306	35.22	5.25	3	1
-70.975	-31.784	508	35.50	9.17	3	1
-70.796	-31.708	1114	18.88	6.37	3	1
-70.817	-31.707	1392	25.04	3.40	3	1
-70.818	-31.669	2065	15.45	3.19	3	1
-70.816	-31.663	2259	29.17	5.55	3	1
-70.697	-32.320	1062	3.91	1.62	3	1
-70.701	-32.308	1470	9.59	0.24	3	1
-70.709	-32.297	1858	25.42	6.99	3	1
-70.719	-32.288	2267	18.44	3.04	3	1
-70.721	-32.281	2645	31.81	14.11	3	1
-70.380	-32.886	1160	4.99	1.10	3	1
-70.621	-32.523	1116	4.39	0.39	3	1
-70.602	-32.532	1515	21.84	4.00	3	1
-70.597	-32.540	1908	19.96	4.20	3	1
-70.593	-32.545	2260	18.07	7.05	3	1
-70.592	-32.548	2474	10.73	2.04	3	1
-70.492	-33.596	790	11.00	2.78	3	1
-70.211	-33.809	1313	1.76	1.24	3	1
-70.130	-33.491	1559	1.48	0.25	3	1
-70.130	-33.491	1559	7.96	0.70	1	1
-70.125	-33.499	1918	1.24	0.28	3	1
-70.125	-33.499	1918	7.13	0.80	1	1
-70.124	-33.504	2280	1.46	0.20	3	1
-70.129	-33.505	2575	3.46	1.25	3	1
-70.321	-34.365	1274	1.40	0.25	3	1
-70.118	-34.059	2012	0.52	0.18	3	1
-70.118	-34.059	2012	6.73	0.95	1	1
-70.115	-34.076	2374	1.14	0.50	3	1
-70.120	-34.076	2670	1.39	0.17	3	1
-70.124	-34.079	2934	0.86	0.08	3	1
-70.124	-34.079	2934	7.12	1.10	1	1
-70.564	-34.825	1030	1.57	0.55	3	1
-69.439	-33.604	2095	8.28	3.74	3	1
-69.572	-33.621	3693	16.32	3.74	3	1
-69.544	-33.612	3256	13.87	3.54	3	1
-69.607	-33.623	4366	17.49	6.16	3	1
-69.597	-33.624	4110	13.41	2.32	3	1
-69.551	-33.617	3671	10.50	2.73	3	1
-69.551	-33.617	3671	209.47	2.73	4	1
-69.544	-33.612	3256	178.94	12.36	4	1
-69.439	-33.604	2095	41.97	17.14	4	1
-70.168	-28.974	1407	19.74	4.34	3	1
-70.296	-28.854	1079	23.03	0.67	3	1
-69.264	-26.352	3399	56.37	24.22	3	1
-70.295	-29.932	1480	10.96	3.35	3	1
-70.524	-29.906	950	13.81	1.34	3	1
-70.321	-29.944	2190	14.84	4.48	3	1
-70.310	-29.930	1700	14.69	3.86	3	1
-70.354	-29.971	4335	25.52	2.83	3	1
-70.420	-29.953	3300	23.35	2.31	3	1
-70.524	-29.906	950	61.91	14.28	4	1
-70.321	-29.944	2190	79.38	22.74	4	1
-70.310	-29.930	1700	70.07	23.71	4	1
-70.420	-29.953	3300	67.67	4.85	4	1
-70.620	-35.360	1805	1.44	0.37	3	1
-70.680	-35.330	1278	3.85	0.16	3	1
-70.830	-35.310	1003	3.82	0.01	3	1
-66.284	-21.354	4230	32.90	4.70	3	1
-66.149	-21.419	4024	106.10	13.60	3	1
-65.858	-21.450	4034	12.10	2.30	3	1
-65.722	-21.410	3031	15.20	3.40	3	1
-65.704	-21.508	2957	13.70	1.80	3	1
-65.656	-21.508	2922	12.40	0.70	3	1
-65.656	-21.508	2922	20.90	3.70	1	1
-65.502	-21.353	3800	34.90	2.90	3	1
-65.382	-21.419	3985	20.30	2.70	3	1
-65.324	-21.398	3463	12.10	0.35	3	1
-65.310	-21.390	3161	26.60	1.40	4	1
-65.223	-21.444	2578	15.30	7.80	3	1
-65.185	-21.274	2578	34.30	3.90	4	1
-65.166	-21.819	3842	35.10	3.10	4	1
-65.166	-21.819	3842	136.80	7.10	2	1
-65.088	-21.484	3438	28.70	7.90	4	1
-65.012	-21.514	3880	22.40	2.20	3	1
-65.012	-21.514	3880	35.70	5.00	4	1
-65.012	-21.514	3880	146.90	7.40	2	1
-64.949	-21.487	3491	24.10	2.00	3	1
-64.949	-21.487	3491	29.10	2.30	4	1
-64.923	-21.486	3883	39.20	5.80	4	1
-64.883	-21.456	3440	26.10	2.20	1	1
-64.914	-21.499	3859	34.90	6.70	4	1
-64.874	-21.460	3075	29.90	1.80	3	1
-64.874	-21.460	3075	24.40	1.70	4	1
-64.834	-21.473	2665	25.70	1.30	4	1
-64.757	-21.330	2288	95.60	5.20	4	1
-64.735	-21.345	2128	21.10	3.70	3	1
-64.735	-21.345	2128	91.00	8.10	4	1
-64.693	-21.395	2118	11.80	2.10	3	1
-64.693	-21.395	2118	24.10	1.60	4	1
-64.675	-21.389	2146	48.50	2.00	4	1
-64.655	-21.384	2223	24.90	4.60	3	1
-64.655	-21.384	2223	84.90	8.55	4	1
-64.642	-21.374	2274	16.46	1.40	3	1
-64.642	-21.374	2274	18.20	1.50	1	1
-64.637	-21.379	2335	20.20	1.40	3	1
-64.631	-21.384	2335	17.20	3.90	3	1
-64.629	-21.385	2340	11.40	0.35	3	1
-64.629	-21.562	1972	23.80	3.80	3	1
-64.629	-21.562	1972	18.50	1.50	1	1
-64.569	-21.382	2400	19.00	0.55	3	1
-64.548	-21.414	2187	14.10	1.20	3	1
-64.548	-21.414	2187	18.50	3.10	1	1
-64.534	-21.405	2232	14.50	2.40	3	1
-64.540	-21.522	2150	20.50	1.70	3	1
-64.493	-21.452	2305	13.10	0.60	3	1
-64.493	-21.452	2305	15.10	1.70	1	1
-64.477	-21.442	2424	38.10	5.60	3	1
-64.445	-21.427	2482	11.10	0.50	3	1
-64.445	-21.427	2482	18.60	1.70	1	1
-64.360	-21.453	2176	7.90	0.90	3	1
-64.360	-21.453	2176	18.80	1.70	1	1
-64.349	-21.455	2113	7.80	0.40	3	1
-64.349	-21.455	2113	16.70	1.60	1	1
-64.344	-21.455	2095	7.80	0.70	3	1
-64.312	-21.477	1958	9.40	0.70	3	1
-64.298	-21.482	1767	29.20	8.40	3	1
-64.298	-21.482	1767	11.10	1.10	1	1
-64.284	-21.403	1760	9.20	1.20	1	1
-64.278	-21.416	1749	7.30	2.70	3	1
-64.275	-21.429	1623	6.60	0.80	3	1
-64.261	-21.436	1575	5.90	0.50	3	1
-64.261	-21.436	1575	15.80	2.90	1	1
-64.263	-21.494	1624	7.10	0.80	3	1
-64.263	-21.494	1624	8.00	1.20	1	1
-64.237	-21.491	1468	5.50	1.10	3	1
-64.237	-21.491	1468	10.10	1.60	1	1
-64.149	-21.471	1368	5.30	0.60	3	1
-64.140	-21.464	1256	5.60	0.80	3	1
-64.101	-21.448	966	6.80	2.25	3	1
-64.082	-21.446	1072	5.60	0.70	3	1
-64.060	-21.445	1200	10.20	2.80	3	1
-63.998	-21.421	1141	7.10	0.90	3	1
-63.753	-21.071	572	3.40	0.30	3	1
-63.749	-21.074	570	3.80	0.30	3	1
-63.704	-21.185	468	3.80	0.25	3	1
-63.698	-21.180	469	3.60	0.60	3	1
-63.696	-21.180	473	4.00	0.30	3	1
-63.696	-21.180	473	6.30	1.50	1	1
-63.773	-21.607	1287	5.30	1.90	3	1
-63.696	-21.879	1129	1.60	0.30	3	1
-63.403	-20.797	662	3.30	1.20	3	1
-70.206	-19.588	3	49.24	5.48	3	1
-70.194	-19.558	157	12.62	2.58	3	1
-70.201	-19.590	265	62.10	5.68	3	1
-70.182	-19.566	527	55.29	15.10	3	1
-70.087	-19.552	1045	61.58	2.92	3	1
-69.494	-19.341	2006	62.19	1.90	4	1
-70.189	-19.156	89	24.53	1.96	3	1
-70.189	-19.156	89	115.58	3.66	4	1
-70.323	-18.530	10	43.02	2.08	3	1
-69.797	-18.462	2198	28.36	9.51	3	1
-69.797	-18.462	2198	51.09	1.53	4	1
-69.762	-18.449	2499	34.43	13.42	3	1
-69.754	-18.441	2648	23.83	4.23	3	1
-70.137	-20.189	5	57.61	2.57	3	1
-69.491	-18.951	2271	65.09	10.36	3	1
-69.390	-19.867	1706	46.73	5.76	3	1
-69.376	-19.864	1731	46.29	4.15	3	1
-69.370	-19.863	1758	36.11	2.07	3	1
-69.395	-19.871	1924	38.96	16.94	3	1
-69.375	-19.883	2224	32.60	7.39	3	1
-69.684	-21.107	954	109.51	14.65	3	1
-69.713	-22.281	1287	57.91	7.14	3	1
-70.091	-22.117	979	90.39	2.78	3	1
-69.182	-20.088	2996	11.96	1.26	3	1
-69.399	-20.114	1749	49.64	2.18	3	1
-69.370	-20.083	1955	40.90	6.14	3	1
-69.370	-20.083	1955	60.52	3.48	4	1
-69.053	-20.927	2273	13.16	3.44	3	1
-69.065	-20.929	2239	11.15	3.65	3	1
-69.189	-22.290	1955	41.87	1.61	3	1
-69.100	-22.309	2537	36.67	1.65	3	1
-68.979	-22.314	3017	22.47	2.81	3	1
-68.966	-22.321	2857	16.89	3.58	3	1
-70.121	-33.716	2330	2.72	0.13	3	1
-70.261	-33.775	1220	3.23	0.17	3	1
-70.135	-33.441	1878	2.13	0.10	3	1
-70.281	-33.102	3248	2.76	0.23	4	1
-70.381	-32.886	1084	9.71	0.23	4	1
-70.134	-32.851	2608	5.17	0.09	4	1
-70.134	-32.851	2608	2.11	0.20	3	1
-70.314	-32.914	1444	4.04	0.27	3	1
-70.426	-33.990	2345	5.01	0.32	4	1
-70.783	-26.983	48	83.00	7.00	3	1
-70.167	-22.000	10	42.00	3.00	3	1
-70.633	-26.267	22	44.00	3.00	3	1
-70.667	-26.383	25	65.00	16.00	3	1
-70.517	-24.250	44	52.00	6.00	3	1
-70.783	-26.983	44	74.00	3.00	3	1
-70.250	-22.400	109	48.00	4.00	3	1
-70.133	-20.983	116	46.00	9.00	3	1
-70.167	-22.000	140	42.00	12.00	3	1
-70.450	-25.017	184	39.00	4.00	3	1
-70.167	-22.000	200	38.00	4.00	3	1
-70.183	-22.050	200	38.00	2.00	3	1
-70.167	-22.000	230	48.00	7.00	3	1
-70.167	-22.000	300	45.00	4.00	3	1
-70.167	-22.000	400	39.00	11.00	3	1
-70.167	-22.000	500	52.00	9.00	3	1
-70.167	-22.000	600	40.00	4.00	3	1
-70.167	-22.000	700	48.00	6.00	3	1
-70.167	-22.000	800	51.00	5.00	3	1
-70.167	-22.000	900	43.00	3.00	3	1
-70.167	-22.000	1000	47.00	14.00	3	1
-70.167	-22.000	1100	63.00	14.00	3	1
-70.167	-22.000	1200	72.00	6.00	3	1
-70.167	-22.000	1450	71.00	7.00	3	1
-70.167	-22.000	1550	65.00	17.00	3	1
-70.167	-22.000	1700	84.00	5.00	3	1
-70.167	-22.000	1800	78.00	7.00	3	1
-70.167	-22.000	1900	76.00	7.00	3	1
-65.891	-24.486	2825	46.60	1.38	3	1
-67.328	-24.623	4631	36.75	1.18	3	1
-67.330	-24.634	4483	41.82	3.47	3	1
-67.328	-24.635	4367	48.05	2.61	3	1
-65.695	-24.891	1758	5.70	1.40	3	1
-67.292	-23.617	4547	14.15	3.62	3	1
-70.260	-22.628	76	35.13	1.21	3	1
-69.359	-22.873	1743	43.85	4.72	3	1
-68.340	-23.667	2376	26.74	2.18	3	1
-69.035	-23.537	2472	48.86	2.61	3	1
-69.466	-23.357	2232	52.33	3.03	3	1
-69.463	-23.359	2165	47.23	1.37	3	1
-69.460	-23.358	2097	43.56	4.57	3	1
-69.457	-23.357	2041	45.65	2.95	3	1
-69.466	-23.343	1937	46.51	2.97	3	1
-69.456	-23.354	2056	52.39	0.81	3	1
-69.461	-23.386	1855	40.85	3.08	3	1
-69.463	-23.387	1768	42.42	2.18	3	1
-69.466	-23.389	1662	53.15	1.50	3	1
-69.467	-23.391	1598	43.69	1.67	3	1
-68.625	-23.602	2489	21.35	1.36	3	1
-69.081	-21.710	2193	59.37	3.28	3	1
-68.675	-21.842	4384	50.74	2.55	3	1
-68.679	-21.840	4274	49.94	0.09	3	1
-68.686	-21.838	4069	42.92	3.25	3	1
-68.693	-21.838	3784	46.23	4.22	3	1
-68.694	-21.834	3655	40.47	4.70	3	1
-65.891	-24.486	2825	264.10	59.97	4	1
-69.081	-21.710	2193	91.24	17.21	4	1
-68.679	-21.840	4274	58.10	1.22	4	1
-68.694	-21.834	3655	58.49	2.80	4	1
-66.389	-25.449	2315	151.16	30.47	4	1
-66.347	-25.248	2633	261.13	66.85	4	1
-66.236	-25.492	1987	115.48	17.87	4	1
-70.367	-24.235	1638	113.03	8.51	4	1
-70.507	-23.100	520	118.83	1.27	4	1
-70.175	-22.083	224	137.78	1.95	4	1
-69.517	-23.404	1519	47.10	7.20	4	1
-69.359	-22.873	1743	54.40	3.89	4	1
-69.035	-23.537	2472	195.74	22.55	4	1
-70.367	-24.235	1638	50.80	3.40	1	1
-69.113	-24.246	3160	23.70	3.50	1	1
-70.507	-23.100	520	43.50	3.30	1	1
-70.332	-23.092	110	80.20	7.10	1	1
-70.260	-22.627	76	58.20	5.10	1	1
-70.254	-22.458	76	98.50	12.30	1	1
-70.175	-22.083	224	87.80	6.40	1	1
-70.205	-23.461	725	62.10	14.00	1	1
-69.517	-23.404	1519	33.10	3.50	1	1
-69.358	-22.873	1743	29.10	3.80	1	1
-69.785	-22.044	1406	46.20	8.20	1	1
-68.838	-22.365	2439	25.10	3.00	1	1
-68.923	-23.041	2935	43.70	3.40	1	1
-68.758	-23.669	2726	30.30	7.80	1	1
-68.340	-23.667	2376	23.20	2.30	1	1
-68.320	-22.846	2554	29.40	4.00	1	1
-68.479	-23.100	2336	27.40	3.40	1	1
-69.035	-23.537	2472	49.60	7.10	1	1
-70.222	-23.842	978	78.70	11.60	1	1
-70.428	-23.935	987	119.00	13.00	1	1
-70.313	-23.899	693	85.00	13.00	1	1
-68.271	-23.794	2439	38.60	5.60	1	1
-69.033	-23.532	2484	50.80	7.60	1	1
-65.922	-24.481	3181	30.30	3.00	1	1
-68.670	-18.480	4144	43.20	6.80	1	1
-66.390	-20.090	3668	30.30	2.80	1	1
-66.140	-19.860	3747	13.80	3.00	1	1
-64.770	-19.060	2371	19.40	1.40	1	1
-64.470	-19.180	2051	17.80	1.50	1	1
-63.730	-19.850	1367	264.30	15.80	1	1
-63.250	-19.780	844	246.70	14.30	1	1
-66.250	-19.950	3550	14.20	2.90	1	1
-64.630	-32.081	805	222.73	40.37	4	1
-65.277	-32.310	631	264.26	28.52	4	1
-66.547	-34.031	548	211.80	46.85	4	1
-66.119	-32.764	1745	237.30	5.38	4	1
-66.166	-32.740	1775	277.23	7.34	4	1
-66.156	-32.666	966	304.24	33.46	4	1
-66.172	-32.687	1008	240.60	75.85	4	1
-66.189	-32.704	1077	247.20	37.16	4	1
-66.922	-32.867	638	293.00	38.00	4	1
-65.377	-31.374	1177	307.68	24.38	4	1
-65.426	-31.359	527	280.75	30.62	4	1
-67.543	-30.562	908	336.53	11.18	4	1
-67.491	-30.637	882	352.80	17.33	4	1
-67.365	-31.449	636	244.53	25.73	4	1
-65.451	-35.094	369	202.18	40.97	4	1
-65.376	-33.138	1171	306.80	37.62	4	1
-65.168	-32.928	904	275.70	12.45	4	1
-65.217	-32.811	810	205.83	26.20	4	1
-65.433	-31.351	465	302.43	28.86	4	1
-64.503	-31.591	538	234.30	63.12	4	1
-64.630	-32.081	805	139.65	6.58	3	1
-65.277	-32.310	631	180.26	25.86	3	1
-66.547	-34.031	548	97.20	0.85	3	1
-66.119	-32.764	1745	196.35	3.04	3	1
-66.166	-32.740	1775	95.85	15.63	3	1
-66.172	-32.687	1008	142.90	10.47	3	1
-66.189	-32.704	1077	237.55	4.60	3	1
-66.922	-32.867	638	21.90	2.40	3	1
-65.377	-31.374	1177	216.98	10.09	3	1
-65.426	-31.359	527	159.96	24.99	3	1
-66.833	-32.897	689	59.10	8.91	3	1
-66.872	-32.864	692	45.55	6.72	3	1
-67.543	-30.562	908	62.95	2.62	3	1
-67.491	-30.637	882	293.50	22.07	3	1
-67.365	-31.449	636	5.17	0.93	3	1
-65.451	-35.094	369	177.90	8.20	3	1
-65.376	-33.138	1171	131.37	22.95	3	1
-65.133	-32.947	922	156.20	7.21	3	1
-65.168	-32.928	904	94.35	0.07	3	1
-65.217	-32.811	810	105.95	1.48	3	1
-65.304	-32.529	705	77.90	17.82	3	1
-65.433	-31.351	465	111.67	11.14	3	1
-64.503	-31.591	538	56.80	12.38	3	1
-65.451	-35.094	369	185.60	17.40	1	1
-64.503	-31.591	538	177.90	19.90	1	1
-66.922	-32.867	638	236.50	32.70	1	1
-65.133	-32.947	922	188.80	17.10	1	1
-65.168	-32.928	904	201.40	17.60	1	1
-65.217	-32.811	810	189.20	16.70	1	1
-65.304	-32.529	705	269.90	32.50	1	1
-65.376	-33.138	1171	223.20	21.30	1	1
-64.630	-32.068	805	152.30	15.00	1	1
-65.377	-31.374	1177	185.20	16.30	1	1
-65.426	-31.359	527	174.00	15.70	1	1
-65.433	-31.351	465	162.70	14.90	1	1
-66.546	-34.031	548	229.60	21.20	1	1
-69.140	-32.926	1395	113.00	14.00	1	1
-69.187	-32.823	1485	19.00	2.70	1	1
-69.136	-32.933	1420	158.00	20.00	1	1
-69.128	-32.948	1470	163.00	17.00	1	1
-69.133	-32.941	1430	156.00	13.00	1	1
-69.066	-32.999	1480	13.00	1.50	1	1
-69.200	-32.790	1595	88.00	17.00	1	1
-69.167	-32.898	1494	158.00	20.00	1	1
-66.506	-27.514	1334	182.00	13.00	1	1
-66.521	-27.481	1595	4.20	1.10	1	1
-66.521	-27.467	1687	7.60	2.20	1	1
-66.526	-27.457	1719	7.10	1.10	1	1
-66.540	-27.357	2519	3.00	1.50	1	1
-66.740	-26.887	2880	30.00	2.00	1	1
-66.732	-26.880	2970	31.00	3.00	1	1
-66.737	-26.863	3090	29.00	3.00	1	1
-66.757	-26.852	3240	38.00	3.00	1	1
-66.424	-25.571	2500	16.90	0.90	1	1
-66.426	-25.249	2810	15.60	0.70	1	1
-66.492	-25.312	2830	16.00	0.70	1	1
-66.494	-25.315	3170	16.00	0.70	1	1
-66.505	-25.320	3530	16.30	0.70	1	1
-66.705	-25.009	3860	19.10	0.80	1	1
-66.510	-25.332	3985	18.20	1.60	1	1
-67.331	-24.597	4170	198.40	12.00	1	1
-66.628	-24.984	4520	18.70	0.90	1	1
-67.323	-24.596	4540	189.40	11.20	1	1
-66.618	-24.981	4890	20.30	0.90	1	1
-64.782	-21.437	2280	29.30	3.20	1	1
-65.163	-21.272	2550	20.10	2.40	1	1
-65.123	-21.298	2780	22.40	2.10	1	1
-64.849	-21.462	2910	28.80	1.90	1	1
-65.050	-21.361	3040	28.20	2.40	1	1
-65.750	-21.415	3143	31.50	2.60	1	1
-65.037	-21.367	3220	29.30	3.70	1	1
-64.883	-21.464	3440	26.10	2.20	1	1
-65.005	-21.361	3500	24.50	2.00	1	1
-67.419	-21.015	3752	27.60	1.10	1	1
-64.903	-21.495	3840	23.90	1.60	1	1
-64.921	-21.486	3870	23.80	1.70	1	1
-66.920	-20.770	3940	32.70	2.40	1	1
-67.036	-20.796	3960	33.80	2.10	1	1
-65.906	-21.437	4005	26.70	2.10	1	1
-66.029	-21.111	4020	24.30	2.80	1	1
-67.042	-20.796	4066	31.40	2.40	1	1
-65.400	-21.426	4118	36.40	5.20	1	1
-65.930	-21.173	4180	21.50	2.10	1	1
-66.282	-21.351	4205	27.70	2.50	1	1
-64.488	-21.450	2328	16.40	1.40	1	1
-65.548	-28.474	1613	237.00	8.00	1	1
-65.587	-28.474	1786	208.00	6.50	1	1
-70.167	-22.000	1800	122.00	16.00	1	1
-70.167	-22.000	1550	118.00	13.00	1	1
-70.167	-22.000	1200	132.00	15.00	1	1
-70.167	-22.000	800	128.00	15.00	1	1
-70.167	-22.000	500	119.00	13.00	1	1
-69.192	-22.288	1934	47.40	2.70	1	1
-69.192	-22.315	2077	55.60	3.00	1	1
-69.144	-22.336	2404	51.70	2.50	1	1
-69.149	-22.349	2482	58.20	2.80	1	1
-68.854	-22.331	2601	35.40	2.60	1	1
-68.967	-22.346	2740	30.30	1.80	1	1
-68.976	-22.314	3050	32.00	1.90	1	1
-68.925	-22.236	3168	30.10	1.60	1	1
-68.975	-22.300	3177	30.80	1.80	1	1
-68.828	-22.132	3353	38.60	2.20	1	1
-68.739	-22.092	3402	36.70	4.00	1	1
-69.254	-26.342	3413	43.70	2.30	1	1
-69.272	-26.367	3479	44.40	2.20	1	1
-68.828	-22.119	3493	38.90	4.30	1	1
-68.828	-22.119	3493	39.70	3.10	1	1
-68.833	-22.117	3519	39.80	3.50	1	1
-68.771	-22.081	3541	39.90	2.70	1	1
-68.738	-22.052	3627	39.80	3.50	1	1
-69.285	-26.358	3694	45.90	4.40	1	1
-68.799	-22.067	3943	41.60	2.90	1	1
-68.808	-21.542	4096	43.50	3.30	1	1
-68.814	-21.508	4097	36.40	2.20	1	1
-68.758	-21.163	4261	43.40	2.40	1	1
-68.703	-21.069	4559	45.30	3.10	1	1
-66.369	-26.538	3050	55.40	1.90	1	1
-66.303	-26.626	2559	81.90	2.80	1	1
-65.812	-26.477	2350	81.60	3.80	1	1
-65.797	-26.477	2600	83.20	4.90	1	1
-66.158	-27.150	3030	4.78	0.61	1	1
-66.133	-27.145	3150	5.06	0.58	1	1
-66.131	-27.150	3340	4.96	0.71	1	1
-65.775	-26.464	3410	79.70	4.30	1	1
-66.129	-27.158	3550	4.90	0.61	1	1
-65.765	-26.466	3580	78.20	4.00	1	1
-65.739	-26.509	3730	74.80	3.30	1	1
-65.753	-26.477	3750	74.00	5.30	1	1
-66.109	-27.173	3830	6.01	0.70	1	1
-65.733	-26.513	3880	73.90	3.50	1	1
-66.115	-27.177	3990	5.79	0.69	1	1
-65.724	-26.518	3995	82.20	3.60	1	1
-65.719	-26.531	4150	65.20	3.20	1	1
-66.118	-27.182	4230	5.85	0.53	1	1
-65.721	-26.535	4300	59.70	2.70	1	1
-66.113	-27.190	4630	5.65	0.80	1	1
-66.113	-27.194	4800	5.13	0.69	1	1
-66.111	-27.196	4900	3.58	0.60	1	1
-70.052	-23.730	629	73.90	11.90	2	1
-70.222	-23.842	978	134.00	19.00	2	1
-70.313	-23.899	693	102.00	17.00	2	1
-70.428	-23.935	987	119.00	22.00	2	1
-68.271	-23.794	2439	243.00	41.00	2	1
-69.033	-23.532	2484	213.00	34.00	2	1
-70.167	-22.000	1800	123.00	7.00	4	1
-68.087	-24.803	4254	37.30	4.80	1	1
-67.254	-24.724	4324	173.00	14.70	1	1
-67.254	-24.912	4198	106.90	13.40	1	1
-67.724	-25.292	4090	143.70	13.00	1	1
-67.327	-24.637	4298	137.00	12.20	1	1
-66.751	-24.661	4073	20.63	11.55	3	1
-66.270	-23.427	3772	37.00	2.80	1	1
-66.266	-23.431	3738	32.10	2.10	1	1
-66.258	-23.438	3664	36.40	2.40	1	1
-66.247	-23.440	3605	31.40	3.20	1	1
-66.299	-23.629	4149	24.50	1.30	1	1
-66.292	-23.637	3835	22.70	1.30	1	1
-66.292	-23.641	3839	21.30	2.40	1	1
-66.293	-23.644	3707	20.80	1.10	1	1
-65.689	-23.192	4091	23.00	3.00	1	1
-65.693	-23.214	4097	16.80	1.20	1	1
-65.460	-23.383	4122	64.00	2.70	1	1
-65.455	-23.383	4257	13.50	1.20	1	1
-65.453	-23.381	4214	15.00	1.20	1	1
-65.449	-23.379	4066	12.50	0.80	1	1
-65.448	-23.379	3959	12.50	0.90	1	1
-65.442	-23.381	3707	11.90	0.80	1	1
-65.584	-23.666	3027	11.50	0.90	1	1
-65.629	-23.681	3831	28.30	1.90	1	1
-67.892	-27.281	2952	34.60	4.20	1	1
-68.488	-27.595	4635	43.90	4.40	1	1
-67.524	-27.736	2165	13.10	1.70	1	1
-67.542	-27.070	4072	23.10	1.20	1	1
-67.559	-27.080	3785	22.00	5.00	1	1
-67.568	-27.077	3463	18.90	1.70	1	1
-67.591	-27.080	3190	19.00	3.00	1	1
-67.628	-27.101	2584	14.80	0.70	1	1
-67.663	-27.129	2291	17.10	1.30	1	1
-66.282	-25.794	2258	13.25	0.07	3	1
-66.175	-25.714	2033	10.25	0.49	3	1
-66.178	-25.715	2129	11.63	3.11	3	1
-65.991	-25.624	2134	8.43	1.88	3	1
-65.751	-25.962	1484	4.60	1.08	3	1
-65.629	-25.632	1220	4.37	0.90	3	1
-66.005	-25.113	2914	8.33	3.20	3	1
-66.296	-24.645	3888	13.80	0.50	3	1
-66.049	-24.715	3313	7.20	1.60	3	1
-65.810	-24.804	2210	7.73	5.70	3	1
-65.756	-24.537	3390	6.58	1.49	3	1
-65.671	-24.553	4236	10.13	1.70	3	1
-65.641	-24.670	2372	11.43	5.42	3	1
-65.602	-24.766	1710	11.04	3.45	3	1
-65.563	-24.800	1459	16.50	5.90	3	1
-65.359	-24.796	1289	51.30	22.20	3	1
-65.340	-24.720	1131	10.50	1.00	3	1
-66.175	-26.125	5009	21.10	5.09	3	1
-66.057	-26.125	2914	46.53	7.01	3	1
-66.046	-26.114	2607	25.86	9.20	3	1
-66.038	-26.114	2302	17.46	11.72	3	1
-66.013	-26.093	1853	85.63	9.20	3	1
-67.557	-27.039	4444	22.43	4.79	3	1
-67.591	-27.080	3146	15.40	2.83	3	1
-67.605	-27.078	2889	15.63	0.95	3	1
-67.628	-27.101	2584	21.33	8.30	3	1
-66.502	-26.694	4100	84.98	9.28	3	1
-66.482	-26.693	3389	88.40	6.13	3	1
-66.467	-26.688	3035	92.62	6.65	3	1
-68.205	-27.627	3560	9.90	0.62	3	1
-68.300	-27.662	4436	15.86	4.21	3	1
-67.976	-27.741	3206	14.53	7.57	3	1
-67.757	-27.696	2279	2.30	0.00	3	1
-68.300	-27.662	4436	20.62	1.81	1	1
-67.976	-27.741	3206	19.06	5.99	1	1
-67.927	-27.704	2558	160.27	13.08	1	1
-66.175	-26.125	5009	54.00	3.40	1	1
-66.140	-26.137	4401	78.60	5.50	1	1
-66.103	-26.139	3782	84.00	6.60	1	1
-66.067	-26.125	3178	72.00	3.90	1	1
-66.057	-26.113	2861	84.00	5.00	1	1
-66.046	-26.114	2569	58.60	3.50	1	1
-66.038	-26.114	2237	52.70	4.00	1	1
-66.502	-26.694	4100	115.80	5.80	1	1
-66.502	-26.694	3740	78.90	4.30	1	1
-66.482	-26.693	3400	76.10	4.20	1	1
-66.467	-26.688	3035	93.60	4.90	1	1
-66.391	-24.933	6150	28.20	3.60	1	1
-66.175	-26.125	5009	19.90	1.48	3	1
-66.103	-26.139	3782	77.24	1.41	3	1
-66.067	-26.125	3178	28.34	1.57	3	1
-66.057	-26.113	2861	44.97	2.95	3	1
-66.046	-26.114	2569	21.34	0.14	3	1
-66.038	-26.114	2237	10.21	0.08	3	1
-66.502	-26.694	4100	93.85	0.68	3	1
-66.502	-26.694	3740	53.92	0.41	3	1
-66.482	-26.693	3400	88.64	0.64	3	1
-66.467	-26.688	3035	92.47	0.70	3	1
-67.605	-27.078	2889	15.54	0.54	3	1
-67.628	-27.101	2584	18.07	0.65	3	1
-66.013	-26.093	1889	84.42	2.93	3	1
-67.557	-27.039	4368	21.09	0.64	3	1
-67.591	-27.080	3190	14.93	0.64	3	1
-66.170	-18.260	4150	36.10	2.80	1	1
-64.021	-19.804	1236	10.60	1.10	3	1
-63.718	-19.809	1260	11.10	1.95	3	1
-64.936	-32.054	2682	263.20	13.31	4	1
-64.951	-32.055	2225	251.93	25.36	4	1
-64.962	-32.054	1811	231.70	9.97	4	1
-65.029	-32.047	831	189.30	52.32	4	1
-64.936	-32.054	2682	117.23	22.71	3	1
-64.942	-32.053	2505	94.40	9.19	3	1
-64.951	-32.055	2225	75.70	12.30	3	1
-64.962	-32.054	1811	73.13	23.57	3	1
-64.965	-32.051	1628	106.40	21.32	3	1
-64.969	-32.050	1447	57.18	13.15	3	1
-65.029	-32.047	831	108.20	31.54	3	1
-64.936	-32.054	2682	169.70	14.40	1	1
-65.029	-32.047	831	196.10	17.80	1	1
-68.143	-31.378	925	152.30	20.50	1	1
-67.929	-31.312	3133	207.00	20.10	1	1
-67.971	-31.375	2824	173.90	26.70	1	1
-67.982	-31.388	2177	204.60	23.80	1	1
-68.143	-31.378	925	278.85	27.08	4	1
-67.971	-31.375	2824	303.20	15.05	4	1
-67.982	-31.388	2177	334.60	30.69	4	1
-68.143	-31.378	925	46.10	3.11	3	1
-67.929	-31.312	3133	131.33	0.40	3	1
-67.982	-31.388	2177	58.55	1.63	3	1
-71.185	-35.852	625	6.70	0.35	3	1
-70.632	-35.048	1025	5.80	0.30	4	1
-70.632	-35.048	1025	2.60	0.65	3	1
-71.045	-35.622	1879	12.80	0.50	4	1
-70.632	-35.048	1000	7.20	1.40	1	1
-70.474	-34.919	1959	8.10	3.00	1	1
-70.456	-34.972	2131	9.80	2.50	1	1
-70.449	-34.940	1857	6.10	1.50	1	1
-70.434	-34.962	1800	4.80	1.40	1	1
-70.403	-34.969	1903	4.70	0.80	1	1
-70.400	-34.979	2378	3.90	1.20	1	1
-70.377	-34.981	2300	3.10	1.50	1	1
-69.198	-23.240	2323	29.83	1.57	3	1
-69.026	-22.946	2226	31.17	7.53	3	1
-68.961	-23.043	2955	29.10	3.39	3	1
-69.161	-23.023	2149	52.40	3.70	3	1
-69.191	-23.032	2012	22.43	3.84	3	1
-69.177	-23.125	2082	45.00	2.98	3	1
-69.174	-23.073	2611	35.80	2.69	3	1
-69.101	-23.150	2847	43.07	6.98	3	1
-69.107	-23.123	2375	16.23	3.29	3	1
-69.141	-23.164	2183	36.90	2.60	3	1
-69.161	-23.023	2149	41.40	3.10	1	1
-69.191	-23.032	2012	46.10	4.80	1	1
-69.141	-23.164	2183	42.50	3.40	1	1
-66.444	-30.769	931	142.00	34.00	3	1
-66.375	-30.652	797	175.00	28.00	3	1
-66.525	-30.510	682	244.00	13.00	3	1
-66.284	-30.652	592	174.00	31.00	3	1
-66.444	-30.769	931	378.00	39.00	4	1
-66.375	-30.652	797	338.00	43.00	4	1
-66.525	-30.510	682	289.00	51.00	4	1
-66.284	-30.652	592	355.00	25.00	4	1
-66.444	-30.769	931	233.00	13.00	1	1
-66.525	-30.510	682	232.00	27.00	1	1
-70.680	-28.927	1700	49.80	3.30	1	1
-70.768	-28.803	1043	51.20	3.30	1	1
-70.966	-28.979	696	65.90	2.70	1	1
-70.214	-28.984	1524	19.60	0.70	1	1
-70.306	-29.009	1777	20.30	1.20	1	1
-70.177	-29.955	1863	36.00	1.50	1	1
-70.102	-29.975	2050	8.40	0.80	1	1
-70.246	-29.987	1661	27.10	2.10	1	1
-70.301	-29.913	1432	36.00	3.10	1	1
-70.392	-29.846	1208	22.00	1.40	1	1
-70.592	-30.378	2173	31.30	1.50	1	1
-70.713	-30.765	1182	31.50	1.80	1	1
-70.703	-30.764	1069	32.00	1.60	1	1
-70.807	-31.464	2097	30.00	1.60	1	1
-70.726	-31.476	2062	36.60	2.60	1	1
-70.765	-31.467	1586	21.60	1.40	1	1
-70.588	-31.988	1260	16.00	1.70	1	1
-70.732	-31.889	867	43.70	2.50	1	1
-70.974	-31.607	1261	55.00	2.40	1	1
-70.981	-31.609	1139	54.10	1.45	1	1
-70.987	-31.612	1010	68.30	3.80	1	1
-70.991	-31.621	836	60.10	3.50	1	1
-70.959	-31.751	590	41.40	2.20	1	1
-70.102	-29.975	2050	6.90	0.60	3	1
-70.301	-29.913	1432	10.00	1.20	3	1
-70.392	-29.846	1208	12.00	5.40	3	1
-70.592	-30.378	2173	16.00	2.10	3	1
-70.713	-30.765	1182	21.40	2.50	3	1
-70.703	-30.764	1069	19.00	3.40	3	1
-70.817	-31.176	1754	18.10	1.20	3	1
-70.826	-31.170	1520	17.60	2.70	3	1
-70.807	-31.464	2097	16.00	1.60	3	1
-70.726	-31.476	2062	15.50	0.90	3	1
-70.762	-31.464	1832	10.00	1.40	3	1
-70.765	-31.467	1586	17.40	3.90	3	1
-70.765	-31.471	1469	12.50	4.50	3	1
-70.800	-31.505	1341	11.80	0.80	3	1
-70.588	-31.988	1260	5.60	2.80	3	1
-70.732	-31.889	867	10.50	2.20	3	1
-70.974	-31.607	1261	30.50	3.80	3	1
-70.981	-31.609	1139	31.50	1.60	3	1
-70.987	-31.612	1010	23.50	6.50	3	1
-70.991	-31.621	836	28.50	4.00	3	1
-66.158	-27.150	3030	18.60	1.50	4	1
-66.133	-27.145	3150	46.70	4.10	4	1
-66.108	-27.202	5005	80.50	8.30	4	1
-66.042	-27.137	4920	129.60	11.10	4	1
-66.006	-27.162	4000	36.80	3.60	4	1
-65.983	-27.174	3370	24.00	2.00	4	1
-65.973	-27.174	2830	9.40	0.70	4	1
-65.960	-27.188	2580	340.00	30.70	4	1
-66.303	-26.626	2559	254.00	19.90	4	1
-65.812	-26.477	2350	242.60	24.90	4	1
-67.461	-26.153	3435	127.50	8.30	4	1
-67.422	-26.144	3729	107.20	7.60	4	1
-66.158	-27.150	3030	2.80	0.40	3	1
-66.133	-27.145	3150	13.70	1.20	3	1
-66.108	-27.202	5005	4.40	0.50	3	1
-66.042	-27.137	4920	8.40	1.00	3	1
-66.006	-27.162	4000	8.00	0.80	3	1
-65.983	-27.174	3370	4.10	0.60	3	1
-65.973	-27.174	2830	3.40	0.40	3	1
-65.960	-27.188	2580	58.00	3.90	3	1
-65.716	-26.269	3562	98.80	9.00	3	1
-65.730	-26.264	3124	75.80	8.60	3	1
-65.756	-26.241	2419	146.40	13.70	3	1
-65.796	-26.713	2937	122.40	10.00	3	1
-65.732	-26.244	2843	99.00	20.10	3	1
-65.737	-26.259	2943	42.70	8.50	3	1
-65.721	-26.323	3453	121.00	7.20	3	1
-66.369	-26.537	3050	37.30	2.70	3	1
-66.303	-26.626	2559	72.80	15.30	3	1
-65.812	-26.477	2350	64.90	6.00	3	1
-65.045	-26.444	1390	48.80	3.40	3	1
-67.461	-26.153	3435	21.50	1.80	3	1
-67.422	-26.144	3410	44.30	3.80	3	1
-65.716	-26.269	3562	184.70	17.40	1	1
-65.732	-26.244	2843	131.50	12.50	1	1
-65.737	-26.259	2943	170.50	17.40	1	1
-66.042	-27.137	4920	5.90	0.80	1	1
-66.039	-27.132	4810	5.30	0.50	1	1
-66.028	-27.136	4550	4.60	0.50	1	1
-66.014	-27.150	4265	4.80	0.40	1	1
-66.006	-27.162	4000	4.50	0.50	1	1
-65.993	-27.172	3675	3.20	0.40	1	1
-65.983	-27.174	3370	3.30	0.40	1	1
-65.977	-27.171	3030	2.60	0.30	1	1
-65.973	-27.174	2830	2.80	0.40	1	1
-70.718	-32.987	900	40.20	7.70	1	1
-70.727	-33.911	429	18.30	2.60	1	1
-70.968	-33.959	2174	51.20	3.10	1	1
-70.985	-33.974	1489	42.00	4.20	1	1
-70.997	-34.000	705	42.50	2.50	1	1
-70.071	-33.858	3387	13.00	3.00	1	1
-70.598	-32.487	1544	46.20	6.20	1	1
-70.605	-32.483	1864	40.30	6.40	1	1
-70.576	-32.501	1210	35.90	5.10	1	1
-70.594	-32.502	1363	35.90	5.10	1	1
-70.111	-33.832	1720	12.90	2.90	1	1
-70.345	-33.674	1010	11.40	3.00	1	1
-70.253	-34.404	1788	7.73	2.41	1	1
-70.142	-33.822	1700	6.99	2.97	1	1
-70.166	-34.423	2472	5.99	1.54	1	1
-70.298	-34.370	1486	5.70	2.42	1	1
-70.185	-34.435	2471	5.50	1.31	1	1
-70.143	-33.499	1540	5.24	0.82	1	1
-70.140	-34.426	2482	3.51	1.13	1	1
-70.009	-33.814	2386	1.93	0.53	1	1
-70.085	-33.834	1835	2.46	0.92	1	1
-70.590	-34.203	1036	5.41	1.06	1	1
-70.357	-32.919	1291	6.75	1.37	1	1
-70.364	-32.901	1287	6.34	1.57	1	1
-70.852	-34.478	294	46.10	5.80	1	1
-70.793	-35.824	925	2.89	0.50	1	1
-70.598	-32.487	1544	58.90	3.20	2	1
-70.594	-32.502	1363	56.60	3.10	2	1
-70.587	-32.539	2033	37.90	2.60	2	1
-70.166	-34.423	2472	90.90	8.40	2	1
-70.140	-34.426	2482	14.10	1.50	2	1
-70.590	-34.203	1036	11.10	0.60	2	1
-70.255	-33.082	2740	5.60	0.50	1	1
-70.255	-33.096	2910	8.40	1.40	1	1
-70.210	-33.810	1315	5.70	1.00	1	1
-70.215	-33.825	1560	9.30	1.20	1	1
-70.020	-34.010	2700	4.40	0.70	1	1
-70.275	-34.043	3030	3.60	0.60	1	1
-70.119	-34.087	2650	4.50	0.90	1	1
-70.323	-34.238	1490	4.10	0.60	1	1
-70.135	-34.442	3150	4.80	0.70	1	1
-70.135	-34.442	3150	4.50	0.60	1	1
-70.542	-34.558	1830	5.60	1.50	1	1
-70.241	-34.596	2680	3.70	0.70	1	1
-70.542	-34.558	1830	13.80	0.70	2	1
-69.250	-24.242	2660	53.20	0.75	4	1
-69.250	-24.242	2660	19.10	0.65	3	1
-69.115	-24.266	3183	51.60	0.75	4	1
-69.115	-24.266	3183	32.30	0.70	3	1
-69.114	-24.277	3179	60.30	0.70	3	1
-69.087	-24.157	2898	25.30	0.70	3	1
-69.553	-23.470	1824	50.80	3.20	1	1
-69.597	-23.388	1524	49.50	2.50	1	1
-70.880	-28.984	948	59.80	4.90	1	1
-70.880	-28.984	948	44.30	0.50	3	1
-69.592	-35.576	1572	15.00	4.10	1	1
-69.595	-35.592	1646	82.40	16.60	1	1
-69.431	-35.563	1462	11.80	3.60	1	1
-69.929	-35.869	1482	7.20	4.20	1	1
-69.877	-35.874	1452	10.70	1.60	1	1
-68.032	-30.143	898	4.15	1.77	3	1
-67.842	-30.163	1374	2.20	0.20	3	1
-69.539	-28.018	4114	45.00	4.20	1	1
-69.885	-28.004	1412	42.70	2.90	1	1
-69.849	-28.084	3021	38.80	3.00	1	1
-69.596	-28.086	3525	52.80	3.90	1	1
-69.763	-28.102	2952	55.80	4.00	1	1
-70.273	-29.814	4244	36.90	1.30	1	1
-70.278	-29.811	3994	38.80	4.40	1	1
-70.279	-29.804	3746	30.70	1.90	1	1
-70.268	-29.796	3215	34.20	2.00	1	1
-70.272	-29.791	3000	29.10	1.40	1	1
-70.294	-29.791	2754	26.70	2.00	1	1
-70.303	-29.788	2512	25.20	1.60	1	1
-70.321	-29.788	2244	24.30	2.10	1	1
-70.416	-29.848	1180	27.40	2.40	1	1
-70.530	-29.912	947	33.50	3.60	1	1
-69.472	-29.926	3159	36.20	4.60	1	1
-70.278	-29.811	3994	31.30	2.10	3	1
-70.279	-29.804	3746	25.70	0.70	3	1
-70.294	-29.791	2754	21.60	0.20	3	1
-70.303	-29.788	2512	13.80	1.50	3	1
-70.321	-29.788	2244	22.70	6.08	3	1
-66.651	-27.067	2382	131.00	10.00	1	1
-66.668	-27.046	2782	124.00	8.00	1	1
-66.642	-26.978	2883	121.00	9.00	1	1
-66.634	-26.968	3341	143.00	9.00	1	1
-66.663	-27.039	2795	116.00	7.00	1	1
-66.638	-27.044	3072	119.00	8.00	1	1
-66.633	-27.059	3093	152.00	10.00	1	1
-66.631	-27.058	3000	182.00	14.50	1	1
-66.651	-27.067	2382	82.50	7.78	3	1
-66.642	-26.978	2883	71.67	5.69	3	1
-66.633	-27.059	3093	367.00	17.09	4	1
-65.339	-26.810	658	25.90	0.14	3	1
-65.670	-27.054	960	37.05	4.33	3	1
-65.658	-27.029	1245	23.85	6.84	3	1
-65.053	-26.416	1522	53.30	5.80	3	1
-65.527	-26.380	1298	49.55	5.30	3	1
-65.433	-26.388	1076	12.17	0.12	3	1
-66.374	-27.502	1455	66.75	15.91	3	1
-66.383	-27.493	1728	73.80	1.47	3	1
-66.393	-27.481	1980	63.10	2.01	3	1
-66.393	-27.469	2259	65.97	1.86	3	1
-66.396	-27.457	2496	66.35	1.48	3	1
-66.413	-27.445	2768	61.13	3.67	3	1
-66.411	-27.420	2961	51.17	4.01	3	1
-66.272	-27.340	4666	3.40	2.83	3	1
-66.279	-27.342	4448	10.03	4.21	3	1
-66.297	-27.347	4122	5.60	0.43	3	1
-66.326	-27.360	3874	59.28	6.68	3	1
-66.345	-27.353	3579	8.03	1.42	3	1
-66.345	-27.338	3123	11.50	0.42	3	1
-66.172	-27.638	1517	83.03	4.20	3	1
-66.165	-27.633	1757	73.23	18.43	3	1
-64.810	-28.137	524	6.50	3.23	3	1
-65.339	-26.810	658	65.00	4.80	1	1
-65.343	-26.799	929	89.00	4.40	1	1
-65.357	-26.800	1232	101.20	4.80	1	1
-65.665	-27.081	768	94.20	9.10	1	1
-65.670	-27.054	960	79.50	5.10	1	1
-65.658	-27.029	1245	74.90	3.90	1	1
-65.663	-26.987	1605	75.50	4.50	1	1
-65.661	-26.951	1818	94.40	4.70	1	1
-65.051	-26.435	1355	56.70	3.50	1	1
-65.053	-26.416	1522	108.00	4.60	1	1
-65.527	-26.380	1298	198.00	12.00	1	1
-66.374	-27.502	1455	80.00	2.80	1	1
-66.383	-27.493	1728	91.90	2.60	1	1
-66.393	-27.481	1980	75.10	2.20	1	1
-66.396	-27.457	2496	71.20	2.00	1	1
-66.272	-27.340	4666	46.70	7.70	1	1
-66.279	-27.342	4448	15.80	1.50	1	1
-66.297	-27.347	4122	7.00	0.80	1	1
-66.326	-27.360	3874	64.50	2.20	1	1
-66.345	-27.353	3579	9.40	1.20	1	1
-66.347	-27.346	3353	9.30	1.10	1	1
-66.345	-27.338	3123	18.40	0.90	1	1
-66.183	-27.637	1208	74.70	3.70	1	1
-66.172	-27.638	1517	95.40	3.30	1	1
-66.165	-27.633	1757	89.90	3.40	1	1
-64.810	-28.137	524	125.10	4.20	1	1
-68.424	-22.701	3381	32.13	4.31	3	1
-68.397	-22.714	3426	52.76	8.61	3	1
-68.672	-23.141	3318	50.32	7.86	3	1
-68.713	-23.078	3386	46.23	6.62	3	1
-68.437	-22.537	3151	41.43	10.44	3	1
-68.672	-23.141	3318	40.50	9.00	1	1
-69.876	-35.874	1455	11.37	3.91	3	1
-69.716	-34.802	2410	12.77	5.48	3	1
-70.080	-35.186	2210	4.20	0.94	3	1
-69.594	-35.551	1477	21.45	8.49	3	1
-69.685	-34.962	1788	17.30	3.75	3	1
-69.914	-35.515	2248	8.07	0.71	3	1
-70.080	-35.186	2210	140.20	6.40	2	1
-69.559	-32.777	2260	13.57	0.74	3	1
-69.582	-32.804	2500	84.97	6.52	3	1
-69.582	-32.804	3100	27.31	1.93	3	1
-69.654	-33.729	2600	53.12	7.33	3	1
-69.626	-33.700	3565	79.30	5.65	3	1
-69.616	-33.696	4100	37.79	2.72	3	1
-69.613	-33.695	4200	114.68	15.00	3	1
-69.615	-33.696	4580	137.83	18.95	3	1