-70.369	-29.834	1460	61.4	3.9	4	76
-70.369	-29.834	1460	19.32	3.3	3	76
-70.369	-29.834	1460	28.0	1.3	1	76
-70.379	-29.842	1386	76.9	3.9	4	76
-70.499	-29.854	1057	53.4	6.4	4	75
-70.499	-29.854	1057	14.83	4.3	3	75
-70.499	-29.854	1057	34.6	3.6	1	75
-70.519	-30.018	976	108.8	6.7	4	77
-70.519	-30.018	976	16.57	3.3	3	77
-70.631	-30.026	732	32.7	2.4	4	77
-70.631	-30.026	732	12.11	1.7	3	77
-70.631	-30.026	732	29.3	2.1	1	77
-70.734	-30.038	600	48.4	1.5	4	77
-71.066	-29.983	212	74.7	5.0	4	53
-71.066	-29.983	212	39.45	1.6	3	53
-71.239	-29.748	265	76.4	6.0	4	74
-70.976	-29.649	950	75.2	2.2	4	74
-70.976	-29.649	950	29.92	4.9	3	74
-70.666	-29.749	1875	15.51	1.9	3	75
-70.263	-29.977	1599	49.4	2.1	4	78
-70.263	-29.977	1599	20.29	5.9	3	78
-70.491	-30.164	1389	132.4	21.6	4	77
-70.491	-30.164	1389	26.29	2.3	3	77
-70.491	-30.164	1389	27.2	2.1	1	77
-70.388	-30.146	1552	52.5	19.3	4	77
-70.645	-30.217	2015	17.87	5.5	3	77
-70.645	-30.217	2015	30.3	1.5	1	77
-70.854	-29.413	740	48.4	3.7	4	74
-70.854	-29.413	740	33.81	1.7	3	74
-70.755	-29.451	1056	56.7	4.5	4	73
-70.755	-29.451	1056	29.62	4.7	3	73
-70.575	-29.462	2630	11.87	5.2	3	72
-70.575	-29.462	2630	35.1	2.0	1	72
-70.592	-29.451	2390	35.16	8.5	3	72
-70.592	-29.451	2390	38.1	1.6	4	72
-71.014	-28.972	610	80.5	5.4	4	74
-71.014	-28.972	610	55.50	8.4	3	74
-70.886	-29.052	861	65.0	6.5	4	69
-70.886	-29.052	861	47.05	9.0	3	69
-70.761	-29.103	1386	37.68	1.4	3	64
-70.654	-28.592	733	43.73	3.3	3	69
-70.461	-28.962	1285	13.25	0.1	3	64
-70.461	-28.962	1285	41.4	3.4	1	64
-70.347	-29.178	1885	30.9	4.5	4	70
-70.347	-29.178	1885	27.25	0.8	3	70
-70.347	-29.178	1885	35.0	5.0	1	70
-70.354	-29.322	2170	19.53	2.6	3	71
-70.302	-29.007	1690	63.6	1.9	4	70
-70.302	-29.007	1690	16.81	1.6	3	70
-70.302	-29.007	1690	26.7	2.7	1	70
-70.127	-29.074	1855	34.3	1.1	4	70
-70.543	-28.565	1121	37.52	3.4	3	64
-70.480	-28.595	2078	53.4	12.1	4	64
-70.480	-28.595	2078	51.77	1.6	3	64
-70.409	-28.376	1053	61.2	1.9	4	60
-70.493	-28.295	750	37.4	1.2	4	59
-70.493	-28.295	750	49.65	3.4	3	59
-70.724	-28.455	678	107.6	9.9	4	58
-70.949	-28.146	206	99.1	5.3	4	56
-71.089	-28.118	90	92.2	6.9	4	38
-70.422	-26.696	708	93.4	1.3	4	108
-70.340	-26.855	1075	84.1	3.0	4	108
-70.340	-26.855	1075	54.04	6.4	3	108
-70.090	-27.594	984	53.0	3.0	4	57
-70.090	-27.594	984	32.39	2.4	3	57
-69.768	-27.672	2436	32.5	2.4	4	60
-69.768	-27.672	2436	27.01	1.4	3	60
-69.806	-27.956	1704	50.5	5.8	4	61
-69.806	-27.956	1704	22.84	5.3	3	61
-69.844	-27.980	1578	59.3	8.1	4	61
-70.126	-27.822	918	53.4	2.0	4	59
-70.126	-27.822	918	30.25	4.3	3	59
-69.818	-28.186	1732	12.49	3.6	3	61
-69.760	-28.116	2386	150.8	28.5	4	61
-69.760	-28.116	2386	53.72	3.8	3	61
-69.775	-28.104	3416	132.8	10.6	4	61
-69.775	-28.104	3416	36.08	0.6	3	61
-69.785	-28.104	3641	135.7	27.2	4	61
-69.785	-28.104	3641	36.94	2.4	3	61
-70.131	-27.427	929	61.2	1.7	4	57
-70.131	-27.427	929	36.40	8.0	3	57
-69.967	-27.414	1363	49.1	1.5	4	57
-69.967	-27.414	1363	43.40	1.0	3	57
-69.679	-27.360	2728	35.50	0.4	3	57
-69.666	-27.375	2954	62.5	15.6	4	57
-69.677	-27.427	3128	72.7	8.5	4	57
-69.677	-27.427	3128	35.19	2.4	3	57
-69.655	-27.484	2739	24.74	0.6	3	57
-69.681	-27.481	2632	37.1	4.0	4	57
-70.411	-27.431	982	78.3	6.0	4	54
-70.365	-27.522	950	78.1	12.1	4	54
-69.952	-27.100	1724	40.92	6.0	3	57
-69.890	-26.813	1740	40.61	3.4	3	113
-69.852	-26.694	1764	46.7	1.6	4	113
-69.852	-26.694	1764	37.57	6.4	3	113
-69.718	-26.685	1966	20.81	3.1	3	113
-69.765	-27.119	1510	57.3	11.0	4	57
-69.667	-26.947	2708	50.0	5.7	4	113
-69.667	-26.947	2708	30.01	1.7	3	113
-70.356	-27.212	831	84.5	13.1	4	54
-70.356	-27.212	831	49.40	1.9	3	54
-70.374	-27.084	1423	83.5	2.2	4	54
-70.454	-26.946	800	103.7	4.1	4	108
-70.197	-26.809	1305	83.8	3.9	4	112
-70.197	-26.809	1305	20.98	7.3	3	112
-69.969	-26.850	2135	61.9	6.5	4	112
-69.984	-26.840	1952	65.8	0.8	4	112
-69.984	-26.840	1952	21.82	0.2	3	112
-69.786	-26.592	1784	44.4	1.0	4	113
-69.786	-26.592	1784	34.33	2.2	3	113
-69.665	-26.538	2338	39.4	3.0	4	113
-69.665	-26.538	2338	36.75	7.9	3	113
-70.356	-26.411	352	92.4	4.8	4	111
-70.434	-26.384	251	110.8	5.9	4	111
-70.001	-26.367	873	87.7	3.4	4	112
-69.749	-26.339	1336	32.70	1.1	3	112
-69.328	-26.458	2758	119.1	21.2	4	114
-69.328	-26.458	2758	36.78	4.3	3	114
-69.972	-24.098	1088	79.8	9.8	4	132
-69.972	-24.098	1088	48.91	6.5	3	132
-69.972	-24.098	1088	40.8	4.3	1	132
-69.271	-25.235	3817	76.4	4.6	4	121
-69.271	-25.235	3817	49.28	13.4	3	121
-69.271	-25.235	3817	54.1	5.4	1	121
-69.084	-25.380	4020	127.6	27.1	4	122
-69.084	-25.380	4020	64.42	2.9	3	122
-69.084	-25.380	4020	48.9	2.8	1	122
-69.436	-25.746	2700	36.77	0.2	3	118
-69.436	-25.746	2700	35.9	5.0	1	118
-70.163	-25.781	1091	112.1	7.9	4	109
-70.163	-25.781	1091	16.50	1.0	3	109
-70.018	-25.942	1162	69.6	22.5	4	120
-69.577	-26.332	2604	32.10	3.3	3	113
-69.577	-26.332	2604	30.0	4.3	1	113
-69.612	-26.099	2007	31.10	3.3	3	112
-69.612	-26.099	2007	61.8	5.0	1	112
-69.445	-26.201	2804	33.1	3.9	4	114
-69.445	-26.201	2804	32.88	0.8	3	114
-69.438	-26.220	3166	60.2	7.4	4	114
-69.438	-26.220	3166	35.81	0.7	3	114
-69.438	-26.220	3166	33.5	2.4	1	114
-69.421	-26.242	3433	95.8	5.9	4	114
-69.421	-26.242	3433	37.20	2.4	3	114
-69.421	-26.242	3433	37.2	2.2	1	114
-69.415	-26.258	3762	109.7	10.2	4	114
-69.415	-26.258	3762	33.67	2.8	3	114
-69.415	-26.258	3762	50.8	2.3	1	114
-69.243	-26.156	3304	114.6	30.3	4	106
-69.243	-26.156	3304	30.49	0.3	3	106
-69.243	-26.156	3304	60.3	5.9	1	106
-69.066	-26.524	3614	112.4	36.3	4	34
-69.066	-26.524	3614	40.29	3.0	3	34
-69.856	-25.404	1716	58.0	4.6	4	103
-69.856	-25.404	1716	51.46	0.4	3	103
-69.856	-25.404	1716	51.2	6.7	1	103
-69.345	-24.825	2814	119.8	21.5	4	26
-69.345	-24.825	2814	53.88	7.6	3	26
-69.345	-24.825	2814	36.4	3.3	1	26
-69.181	-24.701	3625	30.09	2.0	3	147
-69.181	-24.701	3625	42.3	4.8	1	147
-68.750	-24.140	3054	121.5	10.4	4	148
-68.750	-24.140	3054	40.96	1.2	3	148
-68.750	-24.140	3054	49.6	2.7	1	148
-68.512	-24.155	3441	221.3	23.9	4	145
-68.512	-24.155	3441	42.59	7.4	3	145
-68.475	-24.289	3506	221.3	5.6	4	145
-68.475	-24.289	3506	37.43	5.0	3	145
-68.666	-24.415	3619	199.6	29.3	4	137
-68.666	-24.415	3619	33.41	2.1	3	137
-68.666	-24.415	3619	24.0	3.3	1	137
-69.938	-23.740	653	79.8	6.8	4	133
-69.938	-23.740	653	51.41	2.8	3	133
-69.636	-23.890	1265	60.01	10.8	3	157
-69.636	-23.890	1265	35.9	4.5	1	157
-69.815	-23.224	1254	72.77	3.1	3	166
-69.815	-23.224	1254	74.2	4.4	1	166
-69.598	-23.388	1510	26.97	4.7	3	141
-68.937	-22.791	2755	64.7	5.0	4	138
-68.937	-22.791	2755	38.62	5.7	3	138
-68.937	-22.791	2755	40.2	2.3	1	138
-68.608	-21.906	3132	45.68	1.9	3	139
-68.990	-23.582	2436	28.96	2.9	3	162
-69.501	-23.755	1907	41.03	2.2	3	150
-69.381	-24.444	2098	26.73	8.4	3	160
-68.883	-24.845	3410	205.4	41.4	4	104
-68.883	-24.845	3410	42.09	1.4	3	104
-70.054	-25.743	1319	80.2	4.8	4	135
-70.054	-25.743	1319	48.23	7.2	3	135
-70.420	-28.775	876	50.2	17.1	4	70
-70.295	-28.850	1089	50.9	17.8	4	70
-70.295	-28.850	1089	25.9	1.8	1	70
-70.523	-28.722	710	51.9	1.9	4	64
-70.324	-28.859	2032	112.2	19.6	4	70
-70.324	-28.859	2032	40.5	3.0	1	70
-70.223	-28.970	1298	101.6	2.9	4	70
-70.223	-28.970	1298	24.6	1.3	1	70
-70.223	-28.941	2864	30.20	2.3	3	70
-70.223	-28.941	2864	32.6	1.9	1	70
-70.007	-28.792	2570	33.4	3.5	1	63
-70.007	-28.792	2570	46.5	2.4	4	63
-70.464	-28.674	2220	72.2	5.7	1	64
-70.430	-28.627	2225	59.1	3.0	1	65
-70.546	-28.871	2398	73.9	5.8	1	64
-70.797	-32.104	960	16.94	5.1	3	171
-70.951	-32.257	524	26.32	4.9	3	171
-71.067	-32.336	306	35.22	5.2	3	171
-70.975	-31.784	508	35.50	9.2	3	171
-70.796	-31.708	1114	18.88	6.4	3	177
-70.817	-31.707	1392	25.04	3.4	3	177
-70.818	-31.669	2065	15.45	3.2	3	177
-70.816	-31.663	2259	29.17	5.6	3	177
-70.697	-32.320	1062	3.91	1.6	3	171
-70.701	-32.308	1470	9.59	0.2	3	171
-70.709	-32.297	1858	25.42	7.0	3	171
-70.719	-32.288	2267	18.44	3.0	3	171
-70.721	-32.281	2645	31.81	14.1	3	171
-70.380	-32.886	1160	4.99	1.1	3	176
-70.621	-32.523	1116	4.39	0.4	3	176
-70.602	-32.532	1515	21.84	4.0	3	176
-70.597	-32.540	1908	19.96	4.2	3	176
-70.593	-32.545	2260	18.07	7.1	3	176
-70.592	-32.548	2474	10.73	2.0	3	176
-70.492	-33.596	790	11.00	2.8	3	174
-70.211	-33.809	1313	1.76	1.2	3	175
-70.130	-33.491	1559	1.48	0.3	3	174
-70.130	-33.491	1559	7.96	0.7	1	174
-70.125	-33.499	1918	1.24	0.3	3	174
-70.125	-33.499	1918	7.1	0.8	1	174
-70.124	-33.504	2280	1.46	0.2	3	174
-70.129	-33.505	2575	3.46	1.2	3	174
-70.321	-34.365	1274	1.40	0.3	3	194
-70.118	-34.059	2012	0.52	0.2	3	194
-70.118	-34.059	2012	6.7	1.0	1	194
-70.115	-34.076	2374	1.14	0.5	3	194
-70.120	-34.076	2670	1.39	0.2	3	194
-70.124	-34.079	2934	0.86	0.1	3	194
-70.124	-34.079	2934	7.1	1.1	1	194
-70.564	-34.825	1030	1.57	0.6	3	194
-69.439	-33.604	2095	8.28	3.7	3	190
-69.572	-33.621	3693	16.32	3.7	3	190
-69.544	-33.612	3256	13.87	3.5	3	190
-69.607	-33.623	4366	17.49	6.2	3	190
-69.597	-33.624	4110	13.41	2.3	3	190
-69.551	-33.617	3671	10.50	2.7	3	190
-69.551	-33.617	3671	209.5	2.7	4	190
-69.544	-33.612	3256	178.9	12.4	4	190
-69.439	-33.604	2095	42.0	17.1	4	190
-70.168	-28.974	1407	19.74	4.3	3	70
-70.296	-28.854	1079	23.03	0.7	3	70
-69.264	-26.352	3399	56.37	24.2	3	114
-70.295	-29.932	1480	10.96	3.4	3	78
-70.524	-29.906	950	13.81	1.3	3	75
-70.321	-29.944	2190	14.84	4.5	3	78
-70.310	-29.930	1700	14.69	3.9	3	78
-70.354	-29.971	4335	25.52	2.8	3	78
-70.420	-29.953	3300	23.35	2.3	3	78
-70.524	-29.906	950	61.9	14.3	4	75
-70.321	-29.944	2190	79.4	22.7	4	78
-70.310	-29.930	1700	70.1	23.7	4	78
-70.420	-29.953	3300	67.7	4.8	4	78
-70.620	-35.360	1805	1.44	0.4	3	215
-70.680	-35.330	1278	3.85	0.2	3	215
-70.830	-35.310	1003	3.82	0.0	3	215
-66.284	-21.354	4230	32.90	4.7	3	207
-66.149	-21.419	4024	106.10	13.6	3	207
-65.858	-21.450	4034	12.10	2.3	3	207
-65.722	-21.410	3031	15.20	3.4	3	207
-65.704	-21.508	2957	13.70	1.8	3	207
-65.656	-21.508	2922	12.40	0.7	3	207
-65.656	-21.508	2922	20.9	3.70	1	207
-65.502	-21.353	3800	34.90	2.90	3	207
-65.382	-21.419	3985	20.30	2.70	3	207
-65.324	-21.398	3463	12.10	0.4	3	207
-65.310	-21.390	3161	26.60	1.40	4	207
-65.223	-21.444	2578	15.30	7.8	3	207
-65.185	-21.274	2578	34.3	3.9	4	207
-65.166	-21.819	3842	35.1	3.1	4	209
-65.166	-21.819	3842	136.8	7.1	2	209
-65.088	-21.484	3438	28.7	7.9	4	207
-65.012	-21.514	3880	22.40	2.2	3	209
-65.012	-21.514	3880	35.7	5.0	4	209
-65.012	-21.514	3880	146.9	7.4	2	209
-64.949	-21.487	3491	24.10	2.0	3	209
-64.949	-21.487	3491	29.1	2.3	4	209
-64.923	-21.486	3883	39.2	5.8	4	209
-64.883	-21.456	3440	26.10	2.20	1	209
-64.914	-21.499	3859	34.9	6.7	4	209
-64.874	-21.460	3075	29.90	1.8	3	209
-64.874	-21.460	3075	24.4	1.7	4	209
-64.834	-21.473	2665	25.7	1.3	4	209
-64.757	-21.330	2288	95.6	5.2	4	207
-64.735	-21.345	2128	21.10	3.7	3	207
-64.735	-21.345	2128	91.0	8.1	4	207
-64.693	-21.395	2118	11.80	2.1	3	235
-64.693	-21.395	2118	24.1	1.6	4	235
-64.675	-21.389	2146	48.5	2.0	4	235
-64.655	-21.384	2223	24.90	4.6	3	235
-64.655	-21.384	2223	84.9	8.6	4	235
-64.642	-21.374	2274	16.46	1.4	3	235
-64.642	-21.374	2274	18.2	1.50	1	235
-64.637	-21.379	2335	20.20	1.4	3	235
-64.631	-21.384	2335	17.20	3.9	3	235
-64.629	-21.385	2340	11.40	0.4	3	235
-64.629	-21.562	1972	23.80	3.8	3	235
-64.629	-21.562	1972	18.5	1.5	1	235
-64.569	-21.382	2400	19.00	0.6	3	235
-64.548	-21.414	2187	14.10	1.2	3	235
-64.548	-21.414	2187	18.5	3.1	1	235
-64.534	-21.405	2232	14.50	2.4	3	235
-64.540	-21.522	2150	20.50	1.7	3	235
-64.493	-21.452	2305	13.10	0.6	3	235
-64.493	-21.452	2305	15.1	1.7	1	235
-64.477	-21.442	2424	38.10	5.6	3	235
-64.445	-21.427	2482	11.10	0.5	3	235
-64.445	-21.427	2482	18.6	1.7	1	235
-64.360	-21.453	2176	7.90	0.9	3	235
-64.360	-21.453	2176	18.8	1.7	1	235
-64.349	-21.455	2113	7.80	0.4	3	235
-64.349	-21.455	2113	16.7	1.6	1	235
-64.344	-21.455	2095	7.80	0.7	3	235
-64.312	-21.477	1958	9.40	0.7	3	235
-64.298	-21.482	1767	29.20	8.4	3	235
-64.298	-21.482	1767	11.1	1.1	1	235
-64.284	-21.403	1760	9.2	1.20	1	235
-64.278	-21.416	1749	7.30	2.7	3	235
-64.275	-21.429	1623	6.60	0.8	3	235
-64.261	-21.436	1575	5.90	0.5	3	235
-64.261	-21.436	1575	15.8	2.9	1	235
-64.263	-21.494	1624	7.10	0.8	3	235
-64.263	-21.494	1624	8.0	1.2	1	235
-64.237	-21.491	1468	5.50	1.1	3	235
-64.237	-21.491	1468	10.1	1.6	1	235
-64.149	-21.471	1368	5.30	0.6	3	235
-64.140	-21.464	1256	5.60	0.8	3	235
-64.101	-21.448	966	6.80	2.25	3	225
-64.082	-21.446	1072	5.60	0.7	3	225
-64.060	-21.445	1200	10.20	2.8	3	225
-63.998	-21.421	1141	7.10	0.9	3	225
-63.753	-21.071	572	3.40	0.3	3	225
-63.749	-21.074	570	3.80	0.3	3	225
-63.704	-21.185	468	3.80	0.25	3	225
-63.698	-21.180	469	3.60	0.6	3	225
-63.696	-21.180	473	4.00	0.3	3	225
-63.696	-21.180	473	6.3	1.5	1	225
-63.773	-21.607	1287	5.30	1.9	3	225
-63.696	-21.879	1129	1.60	0.3	3	225
-63.403	-20.797	662	3.30	1.2	3	225
-70.206	-19.588	3	49.24	5.5	3	217
-70.194	-19.558	157	12.62	2.6	3	217
-70.201	-19.590	265	62.10	5.7	3	217
-70.182	-19.566	527	55.29	15.1	3	217
-70.087	-19.552	1045	61.58	2.9	3	217
-69.494	-19.341	2006	62.2	1.9	4	79
-70.189	-19.156	89	24.53	2.0	3	219
-70.189	-19.156	89	115.6	3.7	4	219
-70.323	-18.530	10	43.02	2.1	3	219
-69.797	-18.462	2198	28.36	9.5	3	220
-69.797	-18.462	2198	51.1	1.5	4	220
-69.762	-18.449	2499	34.43	13.4	3	220
-69.754	-18.441	2648	23.83	4.2	3	220
-70.137	-20.189	5	57.61	2.6	3	217
-69.491	-18.951	2271	65.09	10.4	3	220
-69.390	-19.867	1706	46.73	5.8	3	79
-69.376	-19.864	1731	46.29	4.1	3	79
-69.370	-19.863	1758	36.11	2.1	3	79
-69.395	-19.871	1924	38.96	16.9	3	79
-69.375	-19.883	2224	32.60	7.4	3	79
-69.684	-21.107	954	109.51	14.6	3	80
-69.713	-22.281	1287	57.91	7.1	3	97
-70.091	-22.117	979	90.39	2.8	3	192
-69.182	-20.088	2996	11.96	1.3	3	79
-69.399	-20.114	1749	49.64	2.2	3	79
-69.370	-20.083	1955	40.90	6.1	3	79
-69.370	-20.083	1955	60.5	3.5	4	79
-69.053	-20.927	2273	13.16	3.4	3	67
-69.065	-20.929	2239	11.15	3.7	3	67
-69.189	-22.290	1955	41.87	1.6	3	128
-69.100	-22.309	2537	36.67	1.7	3	128
-68.979	-22.314	3017	22.47	2.8	3	127
-68.966	-22.321	2857	16.89	3.6	3	127
-70.121	-33.716	2330	2.72	0.1	3	175
-70.261	-33.775	1220	3.23	0.2	3	175
-70.135	-33.441	1878	2.13	0.1	3	174
-70.281	-33.102	3248	2.8	0.2	4	176
-70.381	-32.886	1084	9.7	0.2	4	176
-70.134	-32.851	2608	5.2	0.1	4	176
-70.134	-32.851	2608	2.11	0.2	3	176
-70.314	-32.914	1444	4.04	0.3	3	176
-70.426	-33.990	2345	5.0	0.3	4	194
-70.783	-26.983	48	83.00	7.0	3	107
-70.167	-22.000	10	42.00	3.0	3	192
-70.633	-26.267	22	44.00	3.0	3	110
-70.667	-26.383	25	65.00	16.0	3	110
-70.517	-24.250	44	52.00	6.0	3	192
-70.783	-26.983	44	74.00	3.0	3	107
-70.250	-22.400	109	48.00	4.0	3	192
-70.133	-20.983	116	46.00	9.0	3	192
-70.167	-22.000	140	42.00	12.0	3	192
-70.450	-25.017	184	39.00	4.0	3	135
-70.167	-22.000	200	38.00	4.0	3	192
-70.183	-22.050	200	38.00	2.0	3	192
-70.167	-22.000	230	48.00	7.0	3	192
-70.167	-22.000	300	45.00	4.0	3	192
-70.167	-22.000	400	39.00	11.0	3	192
-70.167	-22.000	500	52.00	9.0	3	192
-70.167	-22.000	600	40.00	4.0	3	192
-70.167	-22.000	700	48.00	6.0	3	192
-70.167	-22.000	800	51.00	5.0	3	192
-70.167	-22.000	900	43.00	3.0	3	192
-70.167	-22.000	1000	47.00	14.0	3	192
-70.167	-22.000	1100	63.00	14.0	3	192
-70.167	-22.000	1200	72.00	6.0	3	192
-70.167	-22.000	1450	71.00	7.0	3	192
-70.167	-22.000	1550	65.00	17.0	3	192
-70.167	-22.000	1700	84.00	5.0	3	192
-70.167	-22.000	1800	78.00	7.0	3	192
-70.167	-22.000	1900	76.00	7.0	3	192
-65.891	-24.486	2825	46.60	1.4	3	203
-67.328	-24.623	4631	36.75	1.2	3	15
-67.330	-24.634	4483	41.82	3.5	3	15
-67.328	-24.635	4367	48.05	2.6	3	15
-65.695	-24.891	1758	5.70	1.4	3	204
-67.292	-23.617	4547	14.15	3.6	3	7
-70.260	-22.628	76	35.13	1.2	3	192
-69.359	-22.873	1743	43.85	4.7	3	128
-68.340	-23.667	2376	26.74	2.2	3	143
-69.035	-23.537	2472	48.86	2.6	3	161
-69.466	-23.357	2232	52.33	3.0	3	141
-69.463	-23.359	2165	47.23	1.4	3	141
-69.460	-23.358	2097	43.56	4.6	3	141
-69.457	-23.357	2041	45.65	3.0	3	141
-69.466	-23.343	1937	46.51	3.0	3	141
-69.456	-23.354	2056	52.39	0.8	3	141
-69.461	-23.386	1855	40.85	3.1	3	141
-69.463	-23.387	1768	42.42	2.2	3	141
-69.466	-23.389	1662	53.15	1.5	3	141
-69.467	-23.391	1598	43.69	1.7	3	141
-68.625	-23.602	2489	21.35	1.4	3	149
-69.081	-21.710	2193	59.37	3.3	3	165
-68.675	-21.842	4384	50.74	2.5	3	124
-68.679	-21.840	4274	49.94	0.1	3	124
-68.686	-21.838	4069	42.92	3.2	3	124
-68.693	-21.838	3784	46.23	4.2	3	124
-68.694	-21.834	3655	40.47	4.7	3	124
-65.891	-24.486	2825	264.1	60.0	4	203
-69.081	-21.710	2193	91.2	17.2	4	165
-68.679	-21.840	4274	58.1	1.2	4	124
-68.694	-21.834	3655	58.5	2.8	4	124
-66.389	-25.449	2315	151.2	30.5	4	84
-66.347	-25.248	2633	261.1	66.9	4	204
-66.236	-25.492	1987	115.5	17.9	4	204
-70.367	-24.235	1638	113.0	8.5	4	192
-70.507	-23.100	520	118.8	1.3	4	192
-70.175	-22.083	224	137.8	2.0	4	192
-69.517	-23.404	1519	47.1	7.2	4	141
-69.359	-22.873	1743	54.4	3.9	4	128
-69.035	-23.537	2472	195.7	22.5	4	161
-70.367	-24.235	1638	50.8	3.4	1	192
-69.113	-24.246	3160	23.7	3.5	1	146
-70.507	-23.100	520	43.5	3.3	1	192
-70.332	-23.092	110	80.2	7.1	1	192
-70.260	-22.627	76	58.2	5.1	1	192
-70.254	-22.458	76	98.5	12.3	1	192
-70.175	-22.083	224	87.8	6.4	1	192
-70.205	-23.461	725	62.1	14.0	1	166
-69.517	-23.404	1519	33.1	3.5	1	141
-69.358	-22.873	1743	29.1	3.8	1	128
-69.785	-22.044	1406	46.2	8.2	1	192
-68.838	-22.365	2439	25.1	3.0	1	124
-68.923	-23.041	2935	43.7	3.4	1	155
-68.758	-23.669	2726	30.3	7.8	1	149
-68.340	-23.667	2376	23.2	2.3	1	143
-68.320	-22.846	2554	29.4	4.0	1	140
-68.479	-23.100	2336	27.4	3.4	1	140
-69.035	-23.537	2472	49.6	7.1	1	161
-70.222	-23.842	978	78.7	11.6	1	135
-70.428	-23.935	987	119.0	13.0	1	192
-70.313	-23.899	693	85.0	13.0	1	135
-68.271	-23.794	2439	38.6	5.6	1	143
-69.033	-23.532	2484	50.8	7.6	1	161
-65.922	-24.481	3181	30.3	3.0	1	203
-68.670	-18.480	4144	43.2	6.8	1	221
-66.390	-20.090	3668	30.3	2.8	1	207
-66.140	-19.860	3747	13.8	3.0	1	207
-64.770	-19.060	2371	19.4	1.4	1	235
-64.470	-19.180	2051	17.8	1.5	1	235
-63.730	-19.850	1367	264.3	15.8	1	225
-63.250	-19.780	844	246.7	14.3	1	225
-66.250	-19.950	3550	14.2	2.9	1	207
-64.630	-32.081	805	222.7	40.4	4	231
-65.277	-32.310	631	264.3	28.5	4	231
-66.547	-34.031	548	211.8	46.8	4	231
-66.119	-32.764	1745	237.3	5.4	4	231
-66.166	-32.740	1775	277.2	7.3	4	231
-66.156	-32.666	966	304.2	33.5	4	231
-66.172	-32.687	1008	240.6	75.9	4	231
-66.189	-32.704	1077	247.2	37.2	4	231
-66.922	-32.867	638	293.0	38.0	4	227
-65.377	-31.374	1177	307.7	24.4	4	232
-65.426	-31.359	527	280.8	30.6	4	232
-67.543	-30.562	908	336.5	11.2	4	227
-67.491	-30.637	882	352.8	17.3	4	227
-67.365	-31.449	636	244.5	25.7	4	227
-65.451	-35.094	369	202.2	41.0	4	0
-65.376	-33.138	1171	306.8	37.6	4	231
-65.168	-32.928	904	275.7	12.5	4	231
-65.217	-32.811	810	205.8	26.2	4	231
-65.433	-31.351	465	302.4	28.9	4	232
-64.503	-31.591	538	234.3	63.1	4	231
-64.630	-32.081	805	139.65	6.6	3	231
-65.277	-32.310	631	180.26	25.9	3	231
-66.547	-34.031	548	97.20	0.8	3	231
-66.119	-32.764	1745	196.35	3.0	3	231
-66.166	-32.740	1775	95.85	15.6	3	231
-66.172	-32.687	1008	142.90	10.5	3	231
-66.189	-32.704	1077	237.55	4.6	3	231
-66.922	-32.867	638	21.90	2.4	3	227
-65.377	-31.374	1177	216.98	10.1	3	232
-65.426	-31.359	527	159.96	25.0	3	232
-66.833	-32.897	689	59.10	8.9	3	227
-66.872	-32.864	692	45.55	6.7	3	227
-67.543	-30.562	908	62.95	2.6	3	227
-67.491	-30.637	882	293.50	22.1	3	227
-67.365	-31.449	636	5.17	0.9	3	227
-65.451	-35.094	369	177.90	8.2	3	0
-65.376	-33.138	1171	131.37	23.0	3	231
-65.133	-32.947	922	156.20	7.2	3	231
-65.168	-32.928	904	94.35	0.1	3	231
-65.217	-32.811	810	105.95	1.5	3	231
-65.304	-32.529	705	77.90	17.8	3	231
-65.433	-31.351	465	111.67	11.1	3	232
-64.503	-31.591	538	56.80	12.4	3	231
-65.451	-35.094	369	185.6	17.4	1	0
-64.503	-31.591	538	177.9	19.9	1	231
-66.922	-32.867	638	236.5	32.7	1	227
-65.133	-32.947	922	188.8	17.1	1	231
-65.168	-32.928	904	201.4	17.6	1	231
-65.217	-32.811	810	189.2	16.7	1	231
-65.304	-32.529	705	269.9	32.5	1	231
-65.376	-33.138	1171	223.2	21.3	1	231
-64.630	-32.068	805	152.3	15.0	1	231
-65.377	-31.374	1177	185.2	16.3	1	232
-65.426	-31.359	527	174.0	15.7	1	232
-65.433	-31.351	465	162.7	14.9	1	232
-66.546	-34.031	548	229.6	21.2	1	231
-69.140	-32.926	1395	113.0	14.0	1	190
-69.187	-32.823	1485	19.0	2.7	1	190
-69.136	-32.933	1420	158.0	20.0	1	190
-69.128	-32.948	1470	163.0	17.0	1	190
-69.133	-32.941	1430	156.0	13.0	1	190
-69.066	-32.999	1480	13.0	1.5	1	190
-69.200	-32.790	1595	88.0	17.0	1	190
-69.167	-32.898	1494	158.0	20.0	1	190
-66.506	-27.514	1334	182.0	13.0	1	95
-66.521	-27.481	1595	4.2	1.1	1	95
-66.521	-27.467	1687	7.6	2.2	1	95
-66.526	-27.457	1719	7.1	1.1	1	95
-66.540	-27.357	2519	3.0	1.5	1	95
-66.740	-26.887	2880	30.0	2.0	1	84
-66.732	-26.880	2970	31.0	3.0	1	84
-66.737	-26.863	3090	29.0	3.0	1	84
-66.757	-26.852	3240	38.0	3.0	1	89
-66.424	-25.571	2500	16.9	0.9	1	84
-66.426	-25.249	2810	15.6	0.7	1	84
-66.492	-25.312	2830	16.0	0.7	1	84
-66.494	-25.315	3170	16.0	0.7	1	84
-66.505	-25.320	3530	16.3	0.7	1	84
-66.705	-25.009	3860	19.1	0.8	1	84
-66.510	-25.332	3985	18.2	1.6	1	84
-67.331	-24.597	4170	198.4	12.0	1	15
-66.628	-24.984	4520	18.7	0.9	1	84
-67.323	-24.596	4540	189.4	11.2	1	15
-66.618	-24.981	4890	20.3	0.9	1	84
-64.782	-21.437	2280	29.3	3.2	1	209
-65.163	-21.272	2550	20.1	2.4	1	207
-65.123	-21.298	2780	22.4	2.1	1	207
-64.849	-21.462	2910	28.8	1.9	1	209
-65.050	-21.361	3040	28.2	2.4	1	207
-65.750	-21.415	3143	31.5	2.6	1	207
-65.037	-21.367	3220	29.3	3.7	1	207
-64.883	-21.464	3440	26.1	2.2	1	209
-65.005	-21.361	3500	24.5	2.0	1	207
-67.419	-21.015	3752	27.6	1.1	1	82
-64.903	-21.495	3840	23.9	1.6	1	209
-64.921	-21.486	3870	23.8	1.7	1	209
-66.920	-20.770	3940	32.7	2.4	1	83
-67.036	-20.796	3960	33.8	2.1	1	83
-65.906	-21.437	4005	26.7	2.1	1	207
-66.029	-21.111	4020	24.3	2.8	1	207
-67.042	-20.796	4066	31.4	2.4	1	83
-65.400	-21.426	4118	36.4	5.2	1	207
-65.930	-21.173	4180	21.5	2.1	1	207
-66.282	-21.351	4205	27.7	2.5	1	207
-64.488	-21.450	2328	16.4	1.4	1	235
-65.548	-28.474	1613	237.0	8.0	1	229
-65.587	-28.474	1786	208.0	6.5	1	229
-70.167	-22.000	1800	122.0	16.0	1	192
-70.167	-22.000	1550	118.0	13.0	1	192
-70.167	-22.000	1200	132.0	15.0	1	192
-70.167	-22.000	800	128.0	15.0	1	192
-70.167	-22.000	500	119.0	13.0	1	192
-69.192	-22.288	1934	47.4	2.7	1	128
-69.192	-22.315	2077	55.6	3.0	1	128
-69.144	-22.336	2404	51.7	2.5	1	128
-69.149	-22.349	2482	58.2	2.8	1	128
-68.854	-22.331	2601	35.4	2.6	1	124
-68.967	-22.346	2740	30.3	1.8	1	127
-68.976	-22.314	3050	32.0	1.9	1	127
-68.925	-22.236	3168	30.1	1.6	1	127
-68.975	-22.300	3177	30.8	1.8	1	127
-68.828	-22.132	3353	38.6	2.2	1	124
-68.739	-22.092	3402	36.7	4.0	1	124
-69.254	-26.342	3413	43.7	2.3	1	114
-69.272	-26.367	3479	44.4	2.2	1	114
-68.828	-22.119	3493	38.9	4.3	1	124
-68.828	-22.119	3493	39.7	3.1	1	124
-68.833	-22.117	3519	39.8	3.5	1	124
-68.771	-22.081	3541	39.9	2.7	1	124
-68.738	-22.052	3627	39.8	3.5	1	124
-69.285	-26.358	3694	45.9	4.4	1	114
-68.799	-22.067	3943	41.6	2.9	1	124
-68.808	-21.542	4096	43.5	3.3	1	125
-68.814	-21.508	4097	36.4	2.2	1	125
-68.758	-21.163	4261	43.4	2.4	1	1
-68.703	-21.069	4559	45.3	3.1	1	1
-66.369	-26.538	3050	55.4	1.9	1	84
-66.303	-26.626	2559	81.9	2.8	1	92
-65.812	-26.477	2350	81.6	3.8	1	205
-65.797	-26.477	2600	83.2	4.9	1	205
-66.158	-27.150	3030	4.8	0.6	1	205
-66.133	-27.145	3150	5.1	0.6	1	205
-66.131	-27.150	3340	5.0	0.7	1	205
-65.775	-26.464	3410	79.7	4.3	1	205
-66.129	-27.158	3550	4.9	0.6	1	205
-65.765	-26.466	3580	78.2	4.0	1	205
-65.739	-26.509	3730	74.8	3.3	1	205
-65.753	-26.477	3750	74.0	5.3	1	205
-66.109	-27.173	3830	6.0	0.7	1	205
-65.733	-26.513	3880	73.9	3.5	1	205
-66.115	-27.177	3990	5.8	0.7	1	205
-65.724	-26.518	3995	82.2	3.6	1	205
-65.719	-26.531	4150	65.2	3.2	1	205
-66.118	-27.182	4230	5.9	0.5	1	205
-65.721	-26.535	4300	59.7	2.7	1	205
-66.113	-27.190	4630	5.7	0.8	1	205
-66.113	-27.194	4800	5.1	0.7	1	205
-66.111	-27.196	4900	3.6	0.6	1	205
-70.052	-23.730	629	73.9	11.9	2	134
-70.222	-23.842	978	134.0	19.0	2	135
-70.313	-23.899	693	102.0	17.0	2	135
-70.428	-23.935	987	119.0	22.0	2	192
-68.271	-23.794	2439	243.0	41.0	2	143
-69.033	-23.532	2484	213.0	34.0	2	161
-70.167	-22.000	1800	123.0	7.0	4	192
-68.087	-24.803	4254	37.3	4.8	1	14
-67.254	-24.724	4324	173.0	14.7	1	14
-67.254	-24.912	4198	106.9	13.4	1	14
-67.724	-25.292	4090	143.7	13.0	1	14
-67.327	-24.637	4298	137.0	12.2	1	15
-66.751	-24.661	4073	20.63	11.5	3	16
-66.270	-23.427	3772	37.0	2.8	1	12
-66.266	-23.431	3738	32.1	2.1	1	12
-66.258	-23.438	3664	36.4	2.4	1	12
-66.247	-23.440	3605	31.4	3.2	1	12
-66.299	-23.629	4149	24.5	1.3	1	12
-66.292	-23.637	3835	22.7	1.3	1	12
-66.292	-23.641	3839	21.3	2.4	1	12
-66.293	-23.644	3707	20.8	1.1	1	12
-65.689	-23.192	4091	23.0	3.0	1	200
-65.693	-23.214	4097	16.8	1.2	1	200
-65.460	-23.383	4122	64.0	2.7	1	200
-65.455	-23.383	4257	13.5	1.2	1	200
-65.453	-23.381	4214	15.0	1.2	1	200
-65.449	-23.379	4066	12.5	0.8	1	200
-65.448	-23.379	3959	12.5	0.9	1	200
-65.442	-23.381	3707	11.9	0.8	1	200
-65.584	-23.666	3027	11.5	0.9	1	201
-65.629	-23.681	3831	28.3	1.9	1	201
-67.892	-27.281	2952	34.6	4.2	1	90
-68.488	-27.595	4635	43.9	4.4	1	41
-67.524	-27.736	2165	13.1	1.7	1	91
-67.542	-27.070	4072	23.1	1.2	1	90
-67.559	-27.080	3785	22.0	5.0	1	90
-67.568	-27.077	3463	18.9	1.7	1	90
-67.591	-27.080	3190	19.0	3.0	1	90
-67.628	-27.101	2584	14.8	0.7	1	90
-67.663	-27.129	2291	17.1	1.3	1	90
-66.282	-25.794	2258	13.25	0.1	3	204
-66.175	-25.714	2033	10.25	0.5	3	204
-66.178	-25.715	2129	11.63	3.1	3	204
-65.991	-25.624	2134	8.43	1.9	3	204
-65.751	-25.962	1484	4.60	1.1	3	204
-65.629	-25.632	1220	4.37	0.9	3	204
-66.005	-25.113	2914	8.33	3.2	3	204
-66.296	-24.645	3888	13.80	0.5	3	202
-66.049	-24.715	3313	7.20	1.6	3	202
-65.810	-24.804	2210	7.73	5.7	3	202
-65.756	-24.537	3390	6.58	1.5	3	203
-65.671	-24.553	4236	10.13	1.7	3	203
-65.641	-24.670	2372	11.43	5.4	3	203
-65.602	-24.766	1710	11.04	3.5	3	203
-65.563	-24.800	1459	16.50	5.9	3	203
-65.359	-24.796	1289	51.30	22.2	3	203
-65.340	-24.720	1131	10.50	1.0	3	203
-66.175	-26.125	5009	21.10	5.1	3	204
-66.057	-26.125	2914	46.53	7.0	3	204
-66.046	-26.114	2607	25.86	9.2	3	204
-66.038	-26.114	2302	17.46	11.7	3	204
-66.013	-26.093	1853	85.63	9.2	3	204
-67.557	-27.039	4444	22.43	4.8	3	90
-67.591	-27.080	3146	15.40	2.8	3	90
-67.605	-27.078	2889	15.63	0.9	3	90
-67.628	-27.101	2584	21.33	8.3	3	90
-66.502	-26.694	4100	84.98	9.3	3	93
-66.482	-26.693	3389	88.40	6.1	3	93
-66.467	-26.688	3035	92.62	6.6	3	93
-68.205	-27.627	3560	9.90	0.6	3	43
-68.300	-27.662	4436	15.86	4.2	3	43
-67.976	-27.741	3206	14.53	7.6	3	48
-67.757	-27.696	2279	2.30	0.0	3	91
-68.300	-27.662	4436	20.6	1.8	1	43
-67.976	-27.741	3206	19.1	6.0	1	48
-67.927	-27.704	2558	160.3	13.1	1	48
-66.175	-26.125	5009	54.0	3.4	1	204
-66.140	-26.137	4401	78.6	5.5	1	204
-66.103	-26.139	3782	84.0	6.6	1	204
-66.067	-26.125	3178	72.0	3.9	1	204
-66.057	-26.113	2861	84.0	5.0	1	204
-66.046	-26.114	2569	58.6	3.5	1	204
-66.038	-26.114	2237	52.7	4.0	1	204
-66.502	-26.694	4100	115.8	5.8	1	93
-66.502	-26.694	3740	78.9	4.3	1	93
-66.482	-26.693	3400	76.1	4.2	1	93
-66.467	-26.688	3035	93.6	4.9	1	93
-66.391	-24.933	6150	28.2	3.6	1	202
-66.175	-26.125	5009	19.90	1.5	3	204
-66.103	-26.139	3782	77.24	1.4	3	204
-66.067	-26.125	3178	28.34	1.6	3	204
-66.057	-26.113	2861	44.97	3.0	3	204
-66.046	-26.114	2569	21.34	0.1	3	204
-66.038	-26.114	2237	10.21	0.1	3	204
-66.502	-26.694	4100	93.85	0.7	3	93
-66.502	-26.694	3740	53.92	0.4	3	93
-66.482	-26.693	3400	88.64	0.6	3	93
-66.467	-26.688	3035	92.47	0.7	3	93
-67.605	-27.078	2889	15.54	0.5	3	90
-67.628	-27.101	2584	18.07	0.7	3	90
-66.013	-26.093	1889	84.42	2.9	3	204
-67.557	-27.039	4368	21.09	0.6	3	90
-67.591	-27.080	3190	14.93	0.6	3	90
-66.170	-18.260	4150	36.1	2.8	1	207
-64.021	-19.804	1236	10.60	1.1	3	225
-63.718	-19.809	1260	11.10	2.0	3	225
-64.936	-32.054	2682	263.2	13.3	4	231
-64.951	-32.055	2225	251.9	25.4	4	231
-64.962	-32.054	1811	231.7	10.0	4	231
-65.029	-32.047	831	189.3	52.3	4	231
-64.936	-32.054	2682	117.23	22.7	3	231
-64.942	-32.053	2505	94.40	9.2	3	231
-64.951	-32.055	2225	75.70	12.3	3	231
-64.962	-32.054	1811	73.13	23.6	3	231
-64.965	-32.051	1628	106.40	21.3	3	231
-64.969	-32.050	1447	57.18	13.1	3	231
-65.029	-32.047	831	108.20	31.5	3	231
-64.936	-32.054	2682	169.7	14.4	1	231
-65.029	-32.047	831	196.1	17.8	1	231
-68.143	-31.378	925	152.3	20.5	1	228
-67.929	-31.312	3133	207.0	20.1	1	228
-67.971	-31.375	2824	173.9	26.7	1	228
-67.982	-31.388	2177	204.6	23.8	1	228
-68.143	-31.378	925	278.9	27.1	4	228
-67.971	-31.375	2824	303.2	15.1	4	228
-67.982	-31.388	2177	334.6	30.7	4	228
-68.143	-31.378	925	46.10	3.1	3	228
-67.929	-31.312	3133	131.33	0.4	3	228
-67.982	-31.388	2177	58.55	1.6	3	228
-71.185	-35.852	625	6.70	0.4	3	215
-70.632	-35.048	1025	5.8	0.3	4	194
-70.632	-35.048	1025	2.60	0.7	3	194
-71.045	-35.622	1879	12.8	0.5	4	215
-70.632	-35.048	1000	7.2	1.4	1	194
-70.474	-34.919	1959	8.1	3.0	1	194
-70.456	-34.972	2131	9.8	2.5	1	195
-70.449	-34.940	1857	6.1	1.5	1	195
-70.434	-34.962	1800	4.8	1.4	1	195
-70.403	-34.969	1903	4.7	0.8	1	195
-70.400	-34.979	2378	3.9	1.2	1	195
-70.377	-34.981	2300	3.1	1.5	1	195
-69.198	-23.240	2323	29.83	1.6	3	154
-69.026	-22.946	2226	31.17	7.5	3	138
-68.961	-23.043	2955	29.10	3.4	3	154
-69.161	-23.023	2149	52.40	3.7	3	152
-69.191	-23.032	2012	22.43	3.8	3	152
-69.177	-23.125	2082	45.00	3.0	3	152
-69.174	-23.073	2611	35.80	2.7	3	152
-69.101	-23.150	2847	43.07	7.0	3	154
-69.107	-23.123	2375	16.23	3.3	3	154
-69.141	-23.164	2183	36.90	2.6	3	154
-69.161	-23.023	2149	41.4	3.1	1	152
-69.191	-23.032	2012	46.1	4.8	1	152
-69.141	-23.164	2183	42.5	3.4	1	154
-66.444	-30.769	931	142.00	34.0	3	230
-66.375	-30.652	797	175.00	28.0	3	230
-66.525	-30.510	682	244.00	13.0	3	230
-66.284	-30.652	592	174.00	31.0	3	230
-66.444	-30.769	931	378.0	39.0	4	230
-66.375	-30.652	797	338.0	43.0	4	230
-66.525	-30.510	682	289.0	51.0	4	230
-66.284	-30.652	592	355.0	25.0	4	230
-66.444	-30.769	931	233.0	13.0	1	230
-66.525	-30.510	682	232.0	27.0	1	230
-70.680	-28.927	1700	49.8	3.3	1	64
-70.768	-28.803	1043	51.2	3.3	1	69
-70.966	-28.979	696	65.9	2.7	1	69
-70.214	-28.984	1524	19.6	0.7	1	70
-70.306	-29.009	1777	20.3	1.2	1	70
-70.177	-29.955	1863	36.0	1.5	1	45
-70.102	-29.975	2050	8.4	0.8	1	45
-70.246	-29.987	1661	27.1	2.1	1	78
-70.301	-29.913	1432	36.0	3.1	1	78
-70.392	-29.846	1208	22.0	1.4	1	76
-70.592	-30.378	2173	31.3	1.5	1	77
-70.713	-30.765	1182	31.5	1.8	1	177
-70.703	-30.764	1069	32.0	1.6	1	177
-70.807	-31.464	2097	30.0	1.6	1	177
-70.726	-31.476	2062	36.6	2.6	1	177
-70.765	-31.467	1586	21.6	1.4	1	177
-70.588	-31.988	1260	16.0	1.7	1	177
-70.732	-31.889	867	43.7	2.5	1	177
-70.974	-31.607	1261	55.0	2.4	1	171
-70.981	-31.609	1139	54.1	1.5	1	171
-70.987	-31.612	1010	68.3	3.8	1	171
-70.991	-31.621	836	60.1	3.5	1	171
-70.959	-31.751	590	41.4	2.2	1	171
-70.102	-29.975	2050	6.9	0.6	3	45
-70.301	-29.913	1432	10.0	1.2	3	78
-70.392	-29.846	1208	12.0	5.4	3	76
-70.592	-30.378	2173	16.0	2.1	3	77
-70.713	-30.765	1182	21.4	2.5	3	177
-70.703	-30.764	1069	19.0	3.4	3	177
-70.817	-31.176	1754	18.1	1.2	3	177
-70.826	-31.170	1520	17.6	2.7	3	177
-70.807	-31.464	2097	16.0	1.6	3	177
-70.726	-31.476	2062	15.5	0.9	3	177
-70.762	-31.464	1832	10.0	1.4	3	177
-70.765	-31.467	1586	17.4	3.9	3	177
-70.765	-31.471	1469	12.5	4.5	3	177
-70.800	-31.505	1341	11.8	0.8	3	177
-70.588	-31.988	1260	5.6	2.8	3	177
-70.732	-31.889	867	10.5	2.2	3	177
-70.974	-31.607	1261	30.5	3.8	3	171
-70.981	-31.609	1139	31.5	1.6	3	171
-70.987	-31.612	1010	23.5	6.5	3	171
-70.991	-31.621	836	28.5	4.0	3	171
-66.158	-27.150	3030	18.6	1.5	4	205
-66.133	-27.145	3150	46.7	4.1	4	205
-66.108	-27.202	5005	80.5	8.3	4	205
-66.042	-27.137	4920	129.6	11.1	4	205
-66.006	-27.162	4000	36.8	3.6	4	205
-65.983	-27.174	3370	24.0	2.0	4	205
-65.973	-27.174	2830	9.4	0.7	4	205
-65.960	-27.188	2580	340.0	30.7	4	205
-66.303	-26.626	2559	254.0	19.9	4	92
-65.812	-26.477	2350	242.6	24.9	4	205
-67.461	-26.153	3435	127.5	8.3	4	86
-67.422	-26.144	3729	107.2	7.6	4	89
-66.158	-27.150	3030	2.80	0.4	3	205
-66.133	-27.145	3150	13.70	1.2	3	205
-66.108	-27.202	5005	4.40	0.5	3	205
-66.042	-27.137	4920	8.40	1.0	3	205
-66.006	-27.162	4000	8.00	0.8	3	205
-65.983	-27.174	3370	4.10	0.6	3	205
-65.973	-27.174	2830	3.40	0.4	3	205
-65.960	-27.188	2580	58.00	3.9	3	205
-65.716	-26.269	3562	98.80	9.0	3	205
-65.730	-26.264	3124	75.80	8.6	3	205
-65.756	-26.241	2419	146.40	13.7	3	205
-65.796	-26.713	2937	122.40	10.0	3	205
-65.732	-26.244	2843	99.00	20.1	3	205
-65.737	-26.259	2943	42.70	8.5	3	205
-65.721	-26.323	3453	121.00	7.2	3	205
-66.369	-26.537	3050	37.30	2.7	3	84
-66.303	-26.626	2559	72.80	15.3	3	92
-65.812	-26.477	2350	64.90	6.0	3	205
-65.045	-26.444	1390	48.80	3.4	3	205
-67.461	-26.153	3435	21.50	1.8	3	86
-67.422	-26.144	3410	44.30	3.8	3	89
-65.716	-26.269	3562	184.7	17.4	1	205
-65.732	-26.244	2843	131.5	12.5	1	205
-65.737	-26.259	2943	170.5	17.4	1	205
-66.042	-27.137	4920	5.9	0.8	1	205
-66.039	-27.132	4810	5.3	0.5	1	205
-66.028	-27.136	4550	4.6	0.5	1	205
-66.014	-27.150	4265	4.8	0.4	1	205
-66.006	-27.162	4000	4.5	0.5	1	205
-65.993	-27.172	3675	3.2	0.4	1	205
-65.983	-27.174	3370	3.3	0.4	1	205
-65.977	-27.171	3030	2.6	0.3	1	205
-65.973	-27.174	2830	2.8	0.4	1	205
-70.718	-32.987	900	40.2	7.7	1	171
-70.727	-33.911	429	18.3	2.6	1	172
-70.968	-33.959	2174	51.2	3.1	1	173
-70.985	-33.974	1489	42.0	4.2	1	173
-70.997	-34.000	705	42.5	2.5	1	173
-70.071	-33.858	3387	13.0	3.0	1	175
-70.598	-32.487	1544	46.2	6.2	1	176
-70.605	-32.483	1864	40.3	6.4	1	176
-70.576	-32.501	1210	35.9	5.1	1	176
-70.594	-32.502	1363	35.9	5.1	1	176
-70.111	-33.832	1720	12.9	2.9	1	175
-70.345	-33.674	1010	11.4	3.0	1	174
-70.253	-34.404	1788	7.7	2.4	1	194
-70.142	-33.822	1700	7.0	3.0	1	175
-70.166	-34.423	2472	6.0	1.5	1	195
-70.298	-34.370	1486	5.7	2.4	1	194
-70.185	-34.435	2471	5.5	1.3	1	195
-70.143	-33.499	1540	5.2	0.8	1	174
-70.140	-34.426	2482	3.5	1.1	1	195
-70.009	-33.814	2386	1.9	0.5	1	187
-70.085	-33.834	1835	2.5	0.9	1	175
-70.590	-34.203	1036	5.4	1.1	1	194
-70.357	-32.919	1291	6.8	1.4	1	176
-70.364	-32.901	1287	6.3	1.6	1	176
-70.852	-34.478	294	46.1	5.8	1	193
-70.793	-35.824	925	2.9	0.5	1	215
-70.598	-32.487	1544	58.9	3.2	2	176
-70.594	-32.502	1363	56.6	3.1	2	176
-70.587	-32.539	2033	37.9	2.6	2	176
-70.166	-34.423	2472	90.9	8.4	2	195
-70.140	-34.426	2482	14.1	1.5	2	195
-70.590	-34.203	1036	11.1	0.6	2	194
-70.255	-33.082	2740	5.6	0.5	1	176
-70.255	-33.096	2910	8.4	1.4	1	176
-70.210	-33.810	1315	5.7	1.0	1	175
-70.215	-33.825	1560	9.3	1.2	1	175
-70.020	-34.010	2700	4.4	0.7	1	195
-70.275	-34.043	3030	3.6	0.6	1	194
-70.119	-34.087	2650	4.5	0.9	1	194
-70.323	-34.238	1490	4.1	0.6	1	194
-70.135	-34.442	3150	4.8	0.7	1	195
-70.135	-34.442	3150	4.5	0.6	1	195
-70.542	-34.558	1830	5.6	1.5	1	194
-70.241	-34.596	2680	3.7	0.7	1	195
-70.542	-34.558	1830	13.8	0.7	2	194
-69.250	-24.242	2660	53.2	0.8	4	146
-69.250	-24.242	2660	19.10	0.7	3	146
-69.115	-24.266	3183	51.6	0.8	4	147
-69.115	-24.266	3183	32.30	0.7	3	147
-69.114	-24.277	3179	60.30	0.7	3	147
-69.087	-24.157	2898	25.30	0.7	3	146
-69.553	-23.470	1824	50.8	3.2	1	141
-69.597	-23.388	1524	49.5	2.5	1	141
-70.880	-28.984	948	59.8	4.9	1	69
-70.880	-28.984	948	44.30	0.5	3	69
-69.592	-35.576	1572	15.0	4.1	1	213
-69.595	-35.592	1646	82.4	16.6	1	213
-69.431	-35.563	1462	11.8	3.6	1	213
-69.929	-35.869	1482	7.2	4.2	1	214
-69.877	-35.874	1452	10.7	1.6	1	214
-68.032	-30.143	898	4.15	1.8	3	227
-67.842	-30.163	1374	2.20	0.2	3	227
-69.539	-28.018	4114	45.0	4.2	1	41
-69.885	-28.004	1412	42.7	2.9	1	61
-69.849	-28.084	3021	38.8	3.0	1	61
-69.596	-28.086	3525	52.8	3.9	1	41
-69.763	-28.102	2952	55.8	4.0	1	61
-70.273	-29.814	4244	36.9	1.3	1	76
-70.278	-29.811	3994	38.8	4.4	1	76
-70.279	-29.804	3746	30.7	1.9	1	76
-70.268	-29.796	3215	34.2	2.0	1	76
-70.272	-29.791	3000	29.1	1.4	1	76
-70.294	-29.791	2754	26.7	2.0	1	76
-70.303	-29.788	2512	25.2	1.6	1	76
-70.321	-29.788	2244	24.3	2.1	1	76
-70.416	-29.848	1180	27.4	2.4	1	76
-70.530	-29.912	947	33.5	3.6	1	75
-69.472	-29.926	3159	36.2	4.6	1	51
-70.278	-29.811	3994	31.30	2.1	3	76
-70.279	-29.804	3746	25.70	0.7	3	76
-70.294	-29.791	2754	21.60	0.2	3	76
-70.303	-29.788	2512	13.80	1.5	3	76
-70.321	-29.788	2244	22.70	6.1	3	76
-66.651	-27.067	2382	131.0	10.0	1	92
-66.668	-27.046	2782	124.0	8.0	1	92
-66.642	-26.978	2883	121.0	9.0	1	92
-66.634	-26.968	3341	143.0	9.0	1	92
-66.663	-27.039	2795	116.0	7.0	1	92
-66.638	-27.044	3072	119.0	8.0	1	92
-66.633	-27.059	3093	152.0	10.0	1	92
-66.631	-27.058	3000	182.0	14.5	1	92
-66.651	-27.067	2382	82.5	7.8	3	92
-66.642	-26.978	2883	71.7	5.7	3	92
-66.633	-27.059	3093	367.0	17.1	4	92
-65.339	-26.810	658	25.9	0.1	3	205
-65.670	-27.054	960	37.1	4.3	3	205
-65.658	-27.029	1245	23.9	6.8	3	205
-65.053	-26.416	1522	53.3	5.8	3	205
-65.527	-26.380	1298	49.6	5.3	3	205
-65.433	-26.388	1076	12.2	0.1	3	205
-66.374	-27.502	1455	66.8	15.9	3	95
-66.383	-27.493	1728	73.8	1.5	3	95
-66.393	-27.481	1980	63.1	2.0	3	95
-66.393	-27.469	2259	66.0	1.9	3	95
-66.396	-27.457	2496	66.4	1.5	3	95
-66.413	-27.445	2768	61.1	3.7	3	95
-66.411	-27.420	2961	51.2	4.0	3	95
-66.272	-27.340	4666	3.4	2.8	3	95
-66.279	-27.342	4448	10.0	4.2	3	95
-66.297	-27.347	4122	5.6	0.4	3	95
-66.326	-27.360	3874	59.3	6.7	3	95
-66.345	-27.353	3579	8.0	1.4	3	95
-66.345	-27.338	3123	11.5	0.4	3	95
-66.172	-27.638	1517	83.0	4.2	3	233
-66.165	-27.633	1757	73.2	18.4	3	233
-64.810	-28.137	524	6.5	3.2	3	238
-65.339	-26.810	658	65.0	4.8	1	205
-65.343	-26.799	929	89.0	4.4	1	205
-65.357	-26.800	1232	101.2	4.8	1	205
-65.665	-27.081	768	94.2	9.1	1	205
-65.670	-27.054	960	79.5	5.1	1	205
-65.658	-27.029	1245	74.9	3.9	1	205
-65.663	-26.987	1605	75.5	4.5	1	205
-65.661	-26.951	1818	94.4	4.7	1	205
-65.051	-26.435	1355	56.7	3.5	1	205
-65.053	-26.416	1522	108.0	4.6	1	205
-65.527	-26.380	1298	198.0	12.0	1	205
-66.374	-27.502	1455	80.0	2.8	1	95
-66.383	-27.493	1728	91.9	2.6	1	95
-66.393	-27.481	1980	75.1	2.2	1	95
-66.396	-27.457	2496	71.2	2.0	1	95
-66.272	-27.340	4666	46.7	7.7	1	95
-66.279	-27.342	4448	15.8	1.5	1	95
-66.297	-27.347	4122	7.0	0.8	1	95
-66.326	-27.360	3874	64.5	2.2	1	95
-66.345	-27.353	3579	9.4	1.2	1	95
-66.347	-27.346	3353	9.3	1.1	1	95
-66.345	-27.338	3123	18.4	0.9	1	95
-66.183	-27.637	1208	74.7	3.7	1	233
-66.172	-27.638	1517	95.4	3.3	1	233
-66.165	-27.633	1757	89.9	3.4	1	233
-64.810	-28.137	524	125.1	4.2	1	238
-68.424	-22.701	3381	32.1	4.3	3	3
-68.397	-22.714	3426	52.8	8.6	3	3
-68.672	-23.141	3318	50.3	7.9	3	156
-68.713	-23.078	3386	46.2	6.6	3	156
-68.437	-22.537	3151	41.4	10.4	3	3
-68.672	-23.141	3318	40.5	9.0	1	156
-69.876	-35.874	1455	11.4	3.9	3	214
-69.716	-34.802	2410	12.8	5.5	3	195
-70.080	-35.186	2210	4.2	0.9	3	195
-69.594	-35.551	1477	21.5	8.5	3	213
-69.685	-34.962	1788	17.3	3.7	3	195
-69.914	-35.515	2248	8.1	0.7	3	214
-70.080	-35.186	2210	140.2	6.4	2	195
-69.559	-32.777	2260	13.6	0.7	3	190
-69.582	-32.804	2500	85.0	6.5	3	190
-69.582	-32.804	3100	27.3	1.9	3	190
-69.654	-33.729	2600	53.1	7.3	3	190
-69.626	-33.700	3565	79.3	5.7	3	190
-69.616	-33.696	4100	37.8	2.7	3	190
-69.613	-33.695	4200	114.7	15.0	3	190
-69.615	-33.696	4580	137.8	19.0	3	190