           1   3290.764       3289.710       1.053981    
           2   2901.237       2897.776       3.461063    
           3   2526.589       2519.610       6.979256    
           4   2165.354       2153.703       11.65070    
           5   1827.968       1810.546       17.42138    
           6   1537.596       1514.240       23.35605    
           7   1318.625       1291.178       27.44697    
           8   1162.140       1130.790       31.35033    
           9   1045.810       1011.137       34.67292    
          10   960.5092       922.9951       37.51408    
          11   892.8334       852.5660       40.26745    
          12   837.0395       794.2090       42.83053    
          13   791.7890       746.6155       45.17354    
          14   754.2513       706.9409       47.31049    
          15   721.7930       672.4882       49.30481    
          16   692.7125       641.5156       51.19684    
          17   666.2047       613.1891       53.01557    
          18   641.7953       587.0237       54.77165    
          19   619.2082       562.7331       56.47507    
          20   598.2233       540.0942       58.12916    
          21   578.6954       518.9566       59.73883    
          22   560.4947       499.1894       61.30528    
          23   543.5281       480.6967       62.83138    
          24   527.7048       463.3872       64.31755    
          25   512.9560       447.1902       65.76572    
          26   499.2116       432.0356       67.17599    
          27   486.4175       417.8677       68.54980    
          28   474.5165       404.6295       69.88701    
          29   463.4626       392.2739       71.18875    
          30   453.2040       380.7493       72.45476    
          31   443.6959       370.0098       73.68613    
          32   434.8857       360.0030       74.88274    
          33   426.7268       350.6809       76.04591    
          34   419.1655       341.9897       77.17580    
          35   412.1559       333.8817       78.27417    
          36   405.6471       326.3058       79.34134    
          37   399.5993       319.2199       80.37938    
          38   393.9682       312.5796       81.38860    
          39   388.7224       306.3511       82.37121    
          40   383.8245       300.4972       83.32728    
          41   379.2510       294.9919       84.25916    
          42   374.9698       289.8033       85.16650    
          43   370.9637       284.9119       86.05190    
          44   367.2034       280.2889       86.91447    
          45   363.6775       275.9202       87.75722    
          46   360.3573       271.7787       88.57859    
          47   357.2376       267.8554       89.38220    
          48   354.2890       264.1234       90.16558    
          49   351.5128       260.5795       90.93333    
          50   348.8770       257.1954       91.68161    
          51   346.3916       253.9750       92.41659    
          52   344.0186       250.8863       93.13234    
          53   341.7801       247.9426       93.83748    
          54   339.6276       245.1046       94.52293    
          55   337.5998       242.3987       95.20109    
          56   335.6311       239.7731       95.85802    
          57   333.7852       237.2731       96.51209    
          58   331.9683       234.8265       97.14174    
          59   330.2820       232.5072       97.77486    
          60   328.5873       230.2097       98.37767    
          61   327.0461       228.0526       98.99352    
          62   325.4449       225.8760       99.56882    
          63   324.0425       223.8703       100.1721    
          64   322.5037       221.7862       100.7175    
          65   321.2455       219.9305       101.3150    
          66   319.7310       217.9061       101.8249    
          67   318.6393       216.2123       102.4270    
          68   317.0961       214.2052       102.8909    
          69   316.2200       212.7059       103.5141    
          70   314.5671       210.6544       103.9127    
          71   314.0020       209.4171       104.5849    
          72   312.1089       207.2256       104.8834    
          73   312.0335       206.3817       105.6518    
          74   309.6852       203.8967       105.7885    
          75   310.4373       203.7034       106.7338    
          76   307.2770       200.6763       106.6007    
          77   309.5168       201.6606       107.8562    
          78   304.9484       197.6737       107.2747    
          79   310.0196       200.9832       109.0364    
          80   302.9592       195.1926       107.7665    
          81   313.4608       203.2379       110.2230    
          82   301.5821       193.4146       108.1675    
          83   320.1569       208.9134       111.2435    
          84   300.1955       191.3388       108.8567    
          85   322.3673       210.2644       112.1028    
          86   298.4697       188.6579       109.8119    
          87   318.7832       205.8340       112.9492    
          88   296.8665       186.1519       110.7147    
          89   316.0902       202.3142       113.7760    
          90   295.3232       183.7149       111.6082    
          91   313.3671       198.7815       114.5855    
          92   293.8460       181.3623       112.4838    
          93   310.7959       195.4176       115.3783    
          94   292.4304       179.0879       113.3425    
          95   308.3524       192.1977       116.1547    
          96   291.0732       176.8888       114.1844    
          97   306.0360       189.1206       116.9154    
          98   289.7717       174.7620       115.0097    
          99   303.8436       186.1828       117.6608    
         100   288.5231       172.7048       115.8183    
