  -70.36900      -29.83400       6.295653       4.000000       1460.000    
  -70.36900      -29.83400       1.634375       3.000000       1460.000    
  -70.36900      -29.83400       3.515393       1.000000       1460.000    
  -70.37900      -29.84200       6.288671       4.000000       1386.000    
  -70.49900      -29.85400       6.281117       4.000000       1057.000    
  -70.49900      -29.85400       1.655645       3.000000       1057.000    
  -70.49900      -29.85400       3.502045       1.000000       1057.000    
  -70.51900      -30.01800       1.660449       3.000000       976.0000    
  -70.63100      -30.02600       6.189188       4.000000       732.0000    
  -70.63100      -30.02600       1.675734       3.000000       732.0000    
  -70.63100      -30.02600       3.516078       1.000000       732.0000    
  -70.73400      -30.03800       6.239069       4.000000       600.0000    
  -71.06600      -29.98300       6.517994       4.000000       212.0000    
  -71.06600      -29.98300       1.630635       3.000000       212.0000    
  -71.23900      -29.74800       6.507332       4.000000       265.0000    
  -70.97600      -29.64900       6.550867       4.000000       950.0000    
  -70.97600      -29.64900       1.646396       3.000000       950.0000    
  -70.66600      -29.74900       1.688241       3.000000       1875.000    
  -70.26300      -29.97700       6.299262       4.000000       1599.000    
  -70.26300      -29.97700       1.619275       3.000000       1599.000    
  -70.49100      -30.16400       1.652049       3.000000       1389.000    
  -70.49100      -30.16400       3.533801       1.000000       1389.000    
  -70.38800      -30.14600       6.281116       4.000000       1552.000    
  -70.64500      -30.21700       1.686657       3.000000       2015.000    
  -70.64500      -30.21700       3.521862       1.000000       2015.000    
  -70.85400      -29.41300       6.493335       4.000000       740.0000    
  -70.85400      -29.41300       1.611208       3.000000       740.0000    
  -70.75500      -29.45100       6.456973       4.000000       1056.000    
  -70.75500      -29.45100       1.614767       3.000000       1056.000    
  -70.57500      -29.46200       1.660537       3.000000       2630.000    
  -70.57500      -29.46200       3.557944       1.000000       2630.000    
  -70.59200      -29.45100       1.659203       3.000000       2390.000    
  -70.59200      -29.45100       6.461246       4.000000       2390.000    
  -71.01400      -28.97200       1.624174       3.000000       610.0000    
  -70.88600      -29.05200       5.632264       4.000000       861.0000    
  -70.88600      -29.05200       1.636463       3.000000       861.0000    
  -70.76100      -29.10300       1.662493       3.000000       1386.000    
  -70.65400      -28.59200       1.627667       3.000000       733.0000    
  -70.46100      -28.96200       1.679296       3.000000       1285.000    
  -70.46100      -28.96200       3.529041       1.000000       1285.000    
  -70.34700      -29.17800       6.362828       4.000000       1885.000    
  -70.34700      -29.17800       1.664998       3.000000       1885.000    
  -70.34700      -29.17800       3.534852       1.000000       1885.000    
  -70.35400      -29.32200       1.671976       3.000000       2170.000    
  -70.30200      -29.00700       6.247418       4.000000       1690.000    
  -70.30200      -29.00700       1.696119       3.000000       1690.000    
  -70.30200      -29.00700       3.534261       1.000000       1690.000    
  -70.12700      -29.07400       6.177611       4.000000       1855.000    
  -70.54300      -28.56500       1.630521       3.000000       1121.000    
  -70.48000      -28.59500       5.200634       4.000000       2078.000    
  -70.48000      -28.59500       1.675049       3.000000       2078.000    
  -70.40900      -28.37600       6.554060       4.000000       1053.000    
  -70.49300      -28.29500       6.020447       4.000000       750.0000    
  -70.49300      -28.29500       1.662044       3.000000       750.0000    
  -70.34000      -26.85500       1.641478       3.000000       1075.000    
  -70.09000      -27.59400       6.471198       4.000000       984.0000    
  -70.09000      -27.59400       1.625372       3.000000       984.0000    
  -69.76800      -27.67200       6.394492       4.000000       2436.000    
  -69.76800      -27.67200       1.681784       3.000000       2436.000    
  -69.80600      -27.95600       6.389806       4.000000       1704.000    
  -69.80600      -27.95600       1.653089       3.000000       1704.000    
  -69.84400      -27.98000       6.392022       4.000000       1578.000    
  -70.12600      -27.82200       6.430128       4.000000       918.0000    
  -70.12600      -27.82200       1.630478       3.000000       918.0000    
  -69.81800      -28.18600       1.669336       3.000000       1732.000    
  -69.76000      -28.11600       1.682973       3.000000       2386.000    
  -69.77500      -28.10400       1.669963       3.000000       3416.000    
  -69.78500      -28.10400       1.678481       3.000000       3641.000    
  -70.13100      -27.42700       6.561907       4.000000       929.0000    
  -70.13100      -27.42700       1.636562       3.000000       929.0000    
  -69.96700      -27.41400       6.553959       4.000000       1363.000    
  -69.96700      -27.41400       1.636592       3.000000       1363.000    
  -69.67900      -27.36000       1.663273       3.000000       2728.000    
  -69.66600      -27.37500       6.550013       4.000000       2954.000    
  -69.67700      -27.42700       6.554313       4.000000       3128.000    
  -69.67700      -27.42700       1.680830       3.000000       3128.000    
  -69.65500      -27.48400       1.681742       3.000000       2739.000    
  -69.68100      -27.48100       6.400769       4.000000       2632.000    
  -70.41100      -27.43100       6.466449       4.000000       982.0000    
  -70.36500      -27.52200       6.559649       4.000000       950.0000    
  -69.95200      -27.10000       1.646235       3.000000       1724.000    
  -69.89000      -26.81300       1.627397       3.000000       1740.000    
  -69.85200      -26.69400       6.540669       4.000000       1764.000    
  -69.85200      -26.69400       1.629717       3.000000       1764.000    
  -69.71800      -26.68500       1.648682       3.000000       1966.000    
  -69.76500      -27.11900       6.395464       4.000000       1510.000    
  -69.66700      -26.94700       6.495637       4.000000       2708.000    
  -69.66700      -26.94700       1.663245       3.000000       2708.000    
  -70.35600      -27.21200       1.641834       3.000000       831.0000    
  -70.19700      -26.80900       1.655415       3.000000       1305.000    
  -69.96900      -26.85000       6.561782       4.000000       2135.000    
  -69.98400      -26.84000       6.545031       4.000000       1952.000    
  -69.98400      -26.84000       1.644744       3.000000       1952.000    
  -69.78600      -26.59200       6.500185       4.000000       1784.000    
  -69.78600      -26.59200       1.638532       3.000000       1784.000    
  -69.66500      -26.53800       6.553487       4.000000       2338.000    
  -69.66500      -26.53800       1.656331       3.000000       2338.000    
  -69.74900      -26.33900       1.646516       3.000000       1336.000    
  -69.32800      -26.45800       1.647432       3.000000       2758.000    
  -69.97200      -24.09800       5.782479       4.000000       1088.000    
  -69.97200      -24.09800       1.660949       3.000000       1088.000    
  -69.97200      -24.09800       3.681976       1.000000       1088.000    
  -69.27100      -25.23500       5.468677       4.000000       3817.000    
  -69.27100      -25.23500       1.683511       3.000000       3817.000    
  -69.27100      -25.23500       3.706574       1.000000       3817.000    
  -69.08400      -25.38000       1.699768       3.000000       4020.000    
  -69.08400      -25.38000       3.781783       1.000000       4020.000    
  -69.43600      -25.74600       1.691039       3.000000       2700.000    
  -69.43600      -25.74600       3.615742       1.000000       2700.000    
  -70.16300      -25.78100       1.668148       3.000000       1091.000    
  -70.01800      -25.94200       6.558051       4.000000       1162.000    
  -69.57700      -26.33200       1.695639       3.000000       2604.000    
  -69.57700      -26.33200       3.594518       1.000000       2604.000    
  -69.61200      -26.09900       1.674093       3.000000       2007.000    
  -69.61200      -26.09900       3.611845       1.000000       2007.000    
  -69.44500      -26.20100       6.551864       4.000000       2804.000    
  -69.44500      -26.20100       1.704809       3.000000       2804.000    
  -69.43800      -26.22000       6.541110       4.000000       3166.000    
  -69.43800      -26.22000       1.710604       3.000000       3166.000    
  -69.43800      -26.22000       3.592336       1.000000       3166.000    
  -69.42100      -26.24200       1.697667       3.000000       3433.000    
  -69.42100      -26.24200       3.598875       1.000000       3433.000    
  -69.41500      -26.25800       1.689184       3.000000       3762.000    
  -69.41500      -26.25800       3.646770       1.000000       3762.000    
  -69.24300      -26.15600       1.697910       3.000000       3304.000    
  -69.24300      -26.15600       3.606483       1.000000       3304.000    
  -69.06600      -26.52400       1.689828       3.000000       3614.000    
  -69.85600      -25.40400       5.914161       4.000000       1716.000    
  -69.85600      -25.40400       1.662009       3.000000       1716.000    
  -69.85600      -25.40400       3.665134       1.000000       1716.000    
  -69.34500      -24.82500       1.697182       3.000000       2814.000    
  -69.34500      -24.82500       3.692432       1.000000       2814.000    
  -69.18100      -24.70100       1.711784       3.000000       3625.000    
  -69.18100      -24.70100       3.631438       1.000000       3625.000    
  -68.75000      -24.14000       1.668625       3.000000       3054.000    
  -68.75000      -24.14000       3.642630       1.000000       3054.000    
  -68.51200      -24.15500       1.680315       3.000000       3441.000    
  -68.47500      -24.28900       1.671372       3.000000       3506.000    
  -68.66600      -24.41500       1.661806       3.000000       3619.000    
  -68.66600      -24.41500       3.603321       1.000000       3619.000    
  -69.93800      -23.74000       5.598972       4.000000       653.0000    
  -69.93800      -23.74000       1.627379       3.000000       653.0000    
  -69.63600      -23.89000       1.629351       3.000000       1265.000    
  -69.63600      -23.89000       3.752376       1.000000       1265.000    
  -69.81500      -23.22400       1.657641       3.000000       1254.000    
  -69.81500      -23.22400       3.854682       1.000000       1254.000    
  -69.59800      -23.38800       1.693486       3.000000       1510.000    
  -68.93700      -22.79100       6.440937       4.000000       2755.000    
  -68.93700      -22.79100       1.669765       3.000000       2755.000    
  -68.93700      -22.79100       3.625436       1.000000       2755.000    
  -68.60800      -21.90600       1.656982       3.000000       3132.000    
  -68.99000      -23.58200       1.679538       3.000000       2436.000    
  -69.50100      -23.75500       1.654098       3.000000       1907.000    
  -69.38100      -24.44400       1.693606       3.000000       2098.000    
  -68.88300      -24.84500       1.677238       3.000000       3410.000    
  -70.05400      -25.74300       1.645345       3.000000       1319.000    
  -70.42000      -28.77500       6.374437       4.000000       876.0000    
  -70.29500      -28.85000       6.278094       4.000000       1089.000    
  -70.29500      -28.85000       3.527788       1.000000       1089.000    
  -70.52300      -28.72200       6.538139       4.000000       710.0000    
  -70.32400      -28.85900       3.573521       1.000000       2032.000    
  -70.22300      -28.97000       3.493059       1.000000       1298.000    
  -70.22300      -28.94100       1.716070       3.000000       2864.000    
  -70.22300      -28.94100       3.570570       1.000000       2864.000    
  -70.00700      -28.79200       3.526193       1.000000       2570.000    
  -70.00700      -28.79200       6.283346       4.000000       2570.000    
  -70.46400      -28.67400       3.680206       1.000000       2220.000    
  -70.43000      -28.62700       3.678159       1.000000       2225.000    
  -70.54600      -28.87100       3.669063       1.000000       2398.000    
  -70.79700      -32.10400       1.649164       3.000000       960.0000    
  -70.95100      -32.25700       1.658810       3.000000       524.0000    
  -71.06700      -32.33600       1.634344       3.000000       306.0000    
  -70.97500      -31.78400       1.632472       3.000000       508.0000    
  -70.79600      -31.70800       1.656340       3.000000       1114.000    
  -70.81700      -31.70700       1.649364       3.000000       1392.000    
  -70.81800      -31.66900       1.671101       3.000000       2065.000    
  -70.81600      -31.66300       1.674598       3.000000       2259.000    
  -70.69700      -32.32000       1.637946       3.000000       1062.000    
  -70.70100      -32.30800       1.624434       3.000000       1470.000    
  -70.70900      -32.29700       1.676868       3.000000       1858.000    
  -70.71900      -32.28800       1.695129       3.000000       2267.000    
  -70.72100      -32.28100       1.724481       3.000000       2645.000    
  -70.38000      -32.88600       1.768637       3.000000       1160.000    
  -70.62100      -32.52300       1.613779       3.000000       1116.000    
  -70.60200      -32.53200       1.679818       3.000000       1515.000    
  -70.59700      -32.54000       1.688726       3.000000       1908.000    
  -70.59300      -32.54500       1.699321       3.000000       2260.000    
  -70.59200      -32.54800       1.703107       3.000000       2474.000    
  -70.49200      -33.59600       1.691646       3.000000       790.0000    
  -70.21100      -33.80900       1.687057       3.000000       1313.000    
  -70.13000      -33.49100       1.686782       3.000000       1559.000    
  -70.13000      -33.49100       3.521028       1.000000       1559.000    
  -70.12500      -33.49900       1.688765       3.000000       1918.000    
  -70.12500      -33.49900       3.536427       1.000000       1918.000    
  -70.12400      -33.50400       1.693912       3.000000       2280.000    
  -70.12900      -33.50500       1.698530       3.000000       2575.000    
  -70.32100      -34.36500       1.703671       3.000000       1274.000    
  -70.11800      -34.05900       1.688682       3.000000       2012.000    
  -70.11800      -34.05900       3.534091       1.000000       2012.000    
  -70.11500      -34.07600       1.692771       3.000000       2374.000    
  -70.12000      -34.07600       1.698159       3.000000       2670.000    
  -70.12400      -34.07900       1.700771       3.000000       2934.000    
  -70.12400      -34.07900       3.577820       1.000000       2934.000    
  -70.56400      -34.82500       1.691261       3.000000       1030.000    
  -69.43900      -33.60400       1.716294       3.000000       2095.000    
  -69.57200      -33.62100       1.677927       3.000000       3693.000    
  -69.54400      -33.61200       1.679630       3.000000       3256.000    
  -69.60700      -33.62300       1.683845       3.000000       4366.000    
  -69.59700      -33.62400       1.679729       3.000000       4110.000    
  -69.55100      -33.61700       1.682539       3.000000       3671.000    
  -69.43900      -33.60400       6.412734       4.000000       2095.000    
  -70.16800      -28.97400       1.681819       3.000000       1407.000    
  -70.29600      -28.85400       1.668921       3.000000       1079.000    
  -69.26400      -26.35200       1.712602       3.000000       3399.000    
  -70.29500      -29.93200       1.630155       3.000000       1480.000    
  -70.52400      -29.90600       1.657928       3.000000       950.0000    
  -70.32100      -29.94400       1.653953       3.000000       2190.000    
  -70.31000      -29.93000       1.635137       3.000000       1700.000    
  -70.35400      -29.97100       1.707137       3.000000       4335.000    
  -70.42000      -29.95300       1.738989       3.000000       3300.000    
  -70.52400      -29.90600       6.276328       4.000000       950.0000    
  -70.32100      -29.94400       6.401484       4.000000       2190.000    
  -70.31000      -29.93000       6.334713       4.000000       1700.000    
  -70.42000      -29.95300       6.559347       4.000000       3300.000    
  -70.62000      -35.36000       1.688542       3.000000       1805.000    
  -70.68000      -35.33000       1.683343       3.000000       1278.000    
  -70.83000      -35.31000       1.683181       3.000000       1003.000    
  -66.28400      -21.35400       1.715058       3.000000       4230.000    
  -65.85800      -21.45000       1.721655       3.000000       4034.000    
  -65.72200      -21.41000       1.719652       3.000000       3031.000    
  -65.70400      -21.50800       1.716657       3.000000       2957.000    
  -65.65600      -21.50800       1.717660       3.000000       2922.000    
  -65.65600      -21.50800       3.490868       1.000000       2922.000    
  -65.50200      -21.35300       1.682699       3.000000       3800.000    
  -65.38200      -21.41900       1.726282       3.000000       3985.000    
  -65.32400      -21.39800       1.716005       3.000000       3463.000    
  -65.31000      -21.39000       6.160059       4.000000       3161.000    
  -65.22300      -21.44400       1.705176       3.000000       2578.000    
  -65.18500      -21.27400       6.113472       4.000000       2578.000    
  -65.16600      -21.81900       6.335477       4.000000       3842.000    
  -65.08800      -21.48400       6.162128       4.000000       3438.000    
  -65.01200      -21.51400       1.703837       3.000000       3880.000    
  -65.01200      -21.51400       6.260445       4.000000       3880.000    
  -64.94900      -21.48700       1.713165       3.000000       3491.000    
  -64.94900      -21.48700       6.220827       4.000000       3491.000    
  -64.92300      -21.48600       6.229775       4.000000       3883.000    
  -64.88300      -21.45600       3.542294       1.000000       3440.000    
  -64.91400      -21.49900       6.222563       4.000000       3859.000    
  -64.87400      -21.46000       1.724786       3.000000       3075.000    
  -64.87400      -21.46000       6.259093       4.000000       3075.000    
  -64.83400      -21.47300       6.193527       4.000000       2665.000    
  -64.73500      -21.34500       1.649680       3.000000       2128.000    
  -64.69300      -21.39500       1.701510       3.000000       2118.000    
  -64.69300      -21.39500       6.284551       4.000000       2118.000    
  -64.67500      -21.38900       6.332745       4.000000       2146.000    
  -64.65500      -21.38400       1.619746       3.000000       2223.000    
  -64.64200      -21.37400       1.626891       3.000000       2274.000    
  -64.64200      -21.37400       3.554529       1.000000       2274.000    
  -64.63700      -21.37900       1.615735       3.000000       2335.000    
  -64.63100      -21.38400       1.615419       3.000000       2335.000    
  -64.62900      -21.38500       1.622196       3.000000       2340.000    
  -64.62900      -21.56200       1.630256       3.000000       1972.000    
  -64.62900      -21.56200       3.550318       1.000000       1972.000    
  -64.56900      -21.38200       1.630347       3.000000       2400.000    
  -64.54800      -21.41400       1.692044       3.000000       2187.000    
  -64.54800      -21.41400       3.555148       1.000000       2187.000    
  -64.53400      -21.40500       1.670992       3.000000       2232.000    
  -64.54000      -21.52200       1.619336       3.000000       2150.000    
  -64.49300      -21.45200       1.710654       3.000000       2305.000    
  -64.49300      -21.45200       3.564318       1.000000       2305.000    
  -64.47700      -21.44200       1.584876       3.000000       2424.000    
  -64.44500      -21.42700       1.707168       3.000000       2482.000    
  -64.44500      -21.42700       3.564912       1.000000       2482.000    
  -64.36000      -21.45300       1.725131       3.000000       2176.000    
  -64.36000      -21.45300       3.537434       1.000000       2176.000    
  -64.34900      -21.45500       1.721119       3.000000       2113.000    
  -64.34900      -21.45500       3.517100       1.000000       2113.000    
  -64.34400      -21.45500       1.718321       3.000000       2095.000    
  -64.31200      -21.47700       1.652983       3.000000       1958.000    
  -64.29800      -21.48200       1.645655       3.000000       1767.000    
  -64.29800      -21.48200       3.562730       1.000000       1767.000    
  -64.28400      -21.40300       3.493773       1.000000       1760.000    
  -64.27800      -21.41600       1.756881       3.000000       1749.000    
  -64.27500      -21.42900       1.773179       3.000000       1623.000    
  -64.26100      -21.43600       1.771287       3.000000       1575.000    
  -64.26100      -21.43600       3.498061       1.000000       1575.000    
  -64.26300      -21.49400       1.754448       3.000000       1624.000    
  -64.26300      -21.49400       3.505463       1.000000       1624.000    
  -64.23700      -21.49100       1.758386       3.000000       1468.000    
  -64.23700      -21.49100       3.497636       1.000000       1468.000    
  -64.14900      -21.47100       1.688914       3.000000       1368.000    
  -64.14000      -21.46400       1.688660       3.000000       1256.000    
  -64.10100      -21.44800       1.687387       3.000000       966.0000    
  -64.08200      -21.44600       1.678134       3.000000       1072.000    
  -64.06000      -21.44500       1.679343       3.000000       1200.000    
  -63.99800      -21.42100       1.681669       3.000000       1141.000    
  -63.75300      -21.07100       1.682883       3.000000       572.0000    
  -63.74900      -21.07400       1.682743       3.000000       570.0000    
  -63.70400      -21.18500       1.680791       3.000000       468.0000    
  -63.69800      -21.18000       1.680421       3.000000       469.0000    
  -63.69600      -21.18000       1.680423       3.000000       473.0000    
  -63.69600      -21.18000       3.496270       1.000000       473.0000    
  -63.77300      -21.60700       1.683256       3.000000       1287.000    
  -63.69600      -21.87900       1.694651       3.000000       1129.000    
  -63.40300      -20.79700       1.687308       3.000000       662.0000    
  -70.20600      -19.58800       1.564214       3.000000       3.000000    
  -70.19400      -19.55800       1.576858       3.000000       157.0000    
  -70.20100      -19.59000       1.583878       3.000000       265.0000    
  -70.18200      -19.56600       1.613815       3.000000       527.0000    
  -70.08700      -19.55200       1.617315       3.000000       1045.000    
  -69.49400      -19.34100       6.512342       4.000000       2006.000    
  -70.18900      -19.15600       1.648114       3.000000       89.00000    
  -70.32300      -18.53000       1.628181       3.000000       10.00000    
  -69.79700      -18.46200       1.662105       3.000000       2198.000    
  -69.79700      -18.46200       6.543261       4.000000       2198.000    
  -69.76200      -18.44900       1.665900       3.000000       2499.000    
  -69.75400      -18.44100       1.668845       3.000000       2648.000    
  -70.13700      -20.18900       1.612643       3.000000       5.000000    
  -69.49100      -18.95100       1.646420       3.000000       2271.000    
  -69.39000      -19.86700       1.609998       3.000000       1706.000    
  -69.37600      -19.86400       1.610611       3.000000       1731.000    
  -69.37000      -19.86300       1.610790       3.000000       1758.000    
  -69.39500      -19.87100       1.625740       3.000000       1924.000    
  -69.37500      -19.88300       1.701008       3.000000       2224.000    
  -69.71300      -22.28100       1.648837       3.000000       1287.000    
  -69.18200      -20.08800       1.671130       3.000000       2996.000    
  -69.39900      -20.11400       1.628689       3.000000       1749.000    
  -69.37000      -20.08300       1.628474       3.000000       1955.000    
  -69.37000      -20.08300       5.887989       4.000000       1955.000    
  -69.05300      -20.92700       1.684296       3.000000       2273.000    
  -69.06500      -20.92900       1.684946       3.000000       2239.000    
  -69.18900      -22.29000       1.642494       3.000000       1955.000    
  -69.10000      -22.30900       1.660221       3.000000       2537.000    
  -68.97900      -22.31400       1.727181       3.000000       3017.000    
  -68.96600      -22.32100       1.723556       3.000000       2857.000    
  -70.12100      -33.71600       1.692319       3.000000       2330.000    
  -70.26100      -33.77500       1.687330       3.000000       1220.000    
  -70.13500      -33.44100       1.687751       3.000000       1878.000    
  -70.28100      -33.10200       6.456688       4.000000       3248.000    
  -70.38100      -32.88600       6.144248       4.000000       1084.000    
  -70.13400      -32.85100       6.286457       4.000000       2608.000    
  -70.13400      -32.85100       1.680251       3.000000       2608.000    
  -70.31400      -32.91400       1.720920       3.000000       1444.000    
  -70.42600      -33.99000       6.423730       4.000000       2345.000    
  -70.16700      -22.00000       1.589616       3.000000       10.00000    
  -70.63300      -26.26700       1.618706       3.000000       22.00000    
  -70.66700      -26.38300       1.616579       3.000000       25.00000    
  -70.51700      -24.25000       1.621663       3.000000       44.00000    
  -70.78300      -26.98300       1.639913       3.000000       44.00000    
  -70.25000      -22.40000       1.632819       3.000000       109.0000    
  -70.13300      -20.98300       1.624722       3.000000       116.0000    
  -70.16700      -22.00000       1.596815       3.000000       140.0000    
  -70.45000      -25.01700       1.621165       3.000000       184.0000    
  -70.16700      -22.00000       1.592020       3.000000       200.0000    
  -70.18300      -22.05000       1.627858       3.000000       200.0000    
  -70.16700      -22.00000       1.572884       3.000000       230.0000    
  -70.16700      -22.00000       1.628417       3.000000       300.0000    
  -70.16700      -22.00000       1.624947       3.000000       400.0000    
  -70.16700      -22.00000       1.653445       3.000000       500.0000    
  -70.16700      -22.00000       1.655046       3.000000       600.0000    
  -70.16700      -22.00000       1.680071       3.000000       700.0000    
  -70.16700      -22.00000       1.682559       3.000000       800.0000    
  -70.16700      -22.00000       1.685963       3.000000       900.0000    
  -70.16700      -22.00000       1.694417       3.000000       1000.000    
  -70.16700      -22.00000       1.698606       3.000000       1100.000    
  -70.16700      -22.00000       1.711272       3.000000       1200.000    
  -70.16700      -22.00000       1.730231       3.000000       1450.000    
  -70.16700      -22.00000       1.736874       3.000000       1550.000    
  -70.16700      -22.00000       1.814009       3.000000       1800.000    
  -70.16700      -22.00000       1.821721       3.000000       1900.000    
  -65.89100      -24.48600       1.664722       3.000000       2825.000    
  -67.32800      -24.62300       1.707124       3.000000       4631.000    
  -67.33000      -24.63400       1.704341       3.000000       4483.000    
  -67.32800      -24.63500       1.692433       3.000000       4367.000    
  -65.69500      -24.89100       1.684583       3.000000       1758.000    
  -67.29200      -23.61700       1.695539       3.000000       4547.000    
  -70.26000      -22.62800       1.628638       3.000000       76.00000    
  -69.35900      -22.87300       1.687134       3.000000       1743.000    
  -68.34000      -23.66700       1.722545       3.000000       2376.000    
  -69.03500      -23.53700       1.665270       3.000000       2472.000    
  -69.46600      -23.35700       1.655695       3.000000       2232.000    
  -69.46300      -23.35900       1.657088       3.000000       2165.000    
  -69.46000      -23.35800       1.655797       3.000000       2097.000    
  -69.45700      -23.35700       1.659145       3.000000       2041.000    
  -69.46600      -23.34300       1.625132       3.000000       1937.000    
  -69.45600      -23.35400       1.659210       3.000000       2056.000    
  -69.46100      -23.38600       1.652859       3.000000       1855.000    
  -69.46300      -23.38700       1.623670       3.000000       1768.000    
  -69.46600      -23.38900       1.610334       3.000000       1662.000    
  -69.46700      -23.39100       1.610287       3.000000       1598.000    
  -68.62500      -23.60200       1.707202       3.000000       2489.000    
  -69.08100      -21.71000       1.649476       3.000000       2193.000    
  -68.67500      -21.84200       1.747400       3.000000       4384.000    
  -68.67900      -21.84000       1.740227       3.000000       4274.000    
  -68.68600      -21.83800       1.680577       3.000000       4069.000    
  -68.69300      -21.83800       1.661016       3.000000       3784.000    
  -68.69400      -21.83400       1.653579       3.000000       3655.000    
  -68.67900      -21.84000       5.274657       4.000000       4274.000    
  -68.69400      -21.83400       5.848104       4.000000       3655.000    
  -69.51700      -23.40400       5.809152       4.000000       1519.000    
  -69.35900      -22.87300       6.353133       4.000000       1743.000    
  -70.36700      -24.23500       3.686398       1.000000       1638.000    
  -69.11300      -24.24600       3.579242       1.000000       3160.000    
  -70.50700      -23.10000       3.583784       1.000000       520.0000    
  -70.26000      -22.62700       3.658406       1.000000       76.00000    
  -70.20500      -23.46100       3.616269       1.000000       725.0000    
  -69.51700      -23.40400       3.651967       1.000000       1519.000    
  -69.35800      -22.87300       3.641768       1.000000       1743.000    
  -69.78500      -22.04400       3.613671       1.000000       1406.000    
  -68.83800      -22.36500       3.508373       1.000000       2439.000    
  -68.92300      -23.04100       3.644617       1.000000       2935.000    
  -68.75800      -23.66900       3.549459       1.000000       2726.000    
  -68.34000      -23.66700       3.546556       1.000000       2376.000    
  -68.32000      -22.84600       3.548374       1.000000       2554.000    
  -68.47900      -23.10000       3.531904       1.000000       2336.000    
  -69.03500      -23.53700       3.676520       1.000000       2472.000    
  -70.22200      -23.84200       3.680560       1.000000       978.0000    
  -68.27100      -23.79400       3.549898       1.000000       2439.000    
  -69.03300      -23.53200       3.674719       1.000000       2484.000    
  -65.92200      -24.48100       3.632957       1.000000       3181.000    
  -68.67000      -18.48000       3.593936       1.000000       4144.000    
  -66.39000      -20.09000       3.522932       1.000000       3668.000    
  -66.14000      -19.86000       3.486168       1.000000       3747.000    
  -64.77000      -19.06000       3.501472       1.000000       2371.000    
  -64.47000      -19.18000       3.494894       1.000000       2051.000    
  -66.25000      -19.95000       3.478760       1.000000       3550.000    
  -66.92200      -32.86700       1.644248       3.000000       638.0000    
  -66.83300      -32.89700       1.618024       3.000000       689.0000    
  -66.87200      -32.86400       1.622147       3.000000       692.0000    
  -67.54300      -30.56200       1.649744       3.000000       908.0000    
  -67.36500      -31.44900       1.681467       3.000000       636.0000    
  -65.30400      -32.52900       1.660549       3.000000       705.0000    
  -64.50300      -31.59100       1.629283       3.000000       538.0000    
  -69.18700      -32.82300       3.476230       1.000000       1485.000    
  -69.06600      -32.99900       3.481262       1.000000       1480.000    
  -66.52100      -27.48100       3.721584       1.000000       1595.000    
  -66.52100      -27.46700       3.724537       1.000000       1687.000    
  -66.52600      -27.45700       3.708635       1.000000       1719.000    
  -66.54000      -27.35700       3.735244       1.000000       2519.000    
  -66.74000      -26.88700       3.564564       1.000000       2880.000    
  -66.73200      -26.88000       3.567382       1.000000       2970.000    
  -66.73700      -26.86300       3.566687       1.000000       3090.000    
  -66.75700      -26.85200       3.572614       1.000000       3240.000    
  -66.42400      -25.57100       3.488660       1.000000       2500.000    
  -66.42600      -25.24900       3.473850       1.000000       2810.000    
  -66.49200      -25.31200       3.489052       1.000000       2830.000    
  -66.49400      -25.31500       3.470248       1.000000       3170.000    
  -66.50500      -25.32000       3.470689       1.000000       3530.000    
  -66.70500      -25.00900       3.479785       1.000000       3860.000    
  -66.51000      -25.33200       3.487216       1.000000       3985.000    
  -66.62800      -24.98400       3.478452       1.000000       4520.000    
  -66.61800      -24.98100       3.491040       1.000000       4890.000    
  -64.78200      -21.43700       3.516913       1.000000       2280.000    
  -65.16300      -21.27200       3.487910       1.000000       2550.000    
  -65.12300      -21.29800       3.500575       1.000000       2780.000    
  -64.84900      -21.46200       3.519788       1.000000       2910.000    
  -65.05000      -21.36100       3.494117       1.000000       3040.000    
  -65.75000      -21.41500       3.502226       1.000000       3143.000    
  -65.03700      -21.36700       3.494249       1.000000       3220.000    
  -64.88300      -21.46400       3.540091       1.000000       3440.000    
  -65.00500      -21.36100       3.520079       1.000000       3500.000    
  -67.41900      -21.01500       3.536416       1.000000       3752.000    
  -64.90300      -21.49500       3.526679       1.000000       3840.000    
  -64.92100      -21.48600       3.493676       1.000000       3870.000    
  -66.92000      -20.77000       3.538814       1.000000       3940.000    
  -67.03600      -20.79600       3.525604       1.000000       3960.000    
  -65.90600      -21.43700       3.506359       1.000000       4005.000    
  -66.02900      -21.11100       3.508048       1.000000       4020.000    
  -67.04200      -20.79600       3.530763       1.000000       4066.000    
  -65.40000      -21.42600       3.548296       1.000000       4118.000    
  -65.93000      -21.17300       3.503493       1.000000       4180.000    
  -66.28200      -21.35100       3.574396       1.000000       4205.000    
  -64.48800      -21.45000       3.568518       1.000000       2328.000    
  -69.19200      -22.28800       3.641616       1.000000       1934.000    
  -69.19200      -22.31500       3.657394       1.000000       2077.000    
  -69.14400      -22.33600       3.642918       1.000000       2404.000    
  -69.14900      -22.34900       3.660089       1.000000       2482.000    
  -68.85400      -22.33100       3.508643       1.000000       2601.000    
  -68.96700      -22.34600       3.516145       1.000000       2740.000    
  -68.97600      -22.31400       3.528555       1.000000       3050.000    
  -68.92500      -22.23600       3.527689       1.000000       3168.000    
  -68.97500      -22.30000       3.530802       1.000000       3177.000    
  -68.82800      -22.13200       3.542131       1.000000       3353.000    
  -68.73900      -22.09200       3.530863       1.000000       3402.000    
  -69.25400      -26.34200       3.684094       1.000000       3413.000    
  -69.27200      -26.36700       3.690144       1.000000       3479.000    
  -68.82800      -22.11900       3.532302       1.000000       3493.000    
  -68.82800      -22.11900       3.532302       1.000000       3493.000    
  -68.83300      -22.11700       3.534247       1.000000       3519.000    
  -68.77100      -22.08100       3.533150       1.000000       3541.000    
  -68.73800      -22.05200       3.560700       1.000000       3627.000    
  -69.28500      -26.35800       3.706237       1.000000       3694.000    
  -68.79900      -22.06700       3.575996       1.000000       3943.000    
  -68.80800      -21.54200       3.602795       1.000000       4096.000    
  -68.81400      -21.50800       3.588286       1.000000       4097.000    
  -68.75800      -21.16300       3.582719       1.000000       4261.000    
  -68.70300      -21.06900       3.592996       1.000000       4559.000    
  -66.36900      -26.53800       3.702240       1.000000       3050.000    
  -66.15800      -27.15000       3.594606       1.000000       3030.000    
  -66.13300      -27.14500       3.652315       1.000000       3150.000    
  -66.13100      -27.15000       3.665786       1.000000       3340.000    
  -65.77500      -26.46400       3.680575       1.000000       3410.000    
  -66.12900      -27.15800       3.671260       1.000000       3550.000    
  -65.76500      -26.46600       3.631040       1.000000       3580.000    
  -65.73900      -26.50900       3.857949       1.000000       3730.000    
  -65.75300      -26.47700       3.684255       1.000000       3750.000    
  -66.10900      -27.17300       3.698657       1.000000       3830.000    
  -65.73300      -26.51300       3.857047       1.000000       3880.000    
  -66.11500      -27.17700       3.721976       1.000000       3990.000    
  -65.71900      -26.53100       3.853085       1.000000       4150.000    
  -66.11800      -27.18200       3.744229       1.000000       4230.000    
  -65.72100      -26.53500       3.834542       1.000000       4300.000    
  -66.11300      -27.19000       3.824385       1.000000       4630.000    
  -66.11300      -27.19400       3.846294       1.000000       4800.000    
  -66.11100      -27.19600       3.852550       1.000000       4900.000    
  -70.05200      -23.73000       6.292892       2.000000       629.0000    
  -68.08700      -24.80300       3.580716       1.000000       4254.000    
  -66.75100      -24.66100       1.700274       3.000000       4073.000    
  -66.27000      -23.42700       3.530482       1.000000       3772.000    
  -66.26600      -23.43100       3.526759       1.000000       3738.000    
  -66.25800      -23.43800       3.522210       1.000000       3664.000    
  -66.24700      -23.44000       3.519091       1.000000       3605.000    
  -66.29900      -23.62900       3.496933       1.000000       4149.000    
  -66.29200      -23.63700       3.486449       1.000000       3835.000    
  -66.29200      -23.64100       3.485135       1.000000       3839.000    
  -66.29300      -23.64400       3.496852       1.000000       3707.000    
  -65.68900      -23.19200       3.500972       1.000000       4091.000    
  -65.69300      -23.21400       3.497554       1.000000       4097.000    
  -65.46000      -23.38300       3.518885       1.000000       4122.000    
  -65.45500      -23.38300       3.516554       1.000000       4257.000    
  -65.45300      -23.38100       3.514020       1.000000       4214.000    
  -65.44900      -23.37900       3.507340       1.000000       4066.000    
  -65.44800      -23.37900       3.505897       1.000000       3959.000    
  -65.44200      -23.38100       3.500272       1.000000       3707.000    
  -65.58400      -23.66600       3.485058       1.000000       3027.000    
  -65.62900      -23.68100       3.511300       1.000000       3831.000    
  -67.89200      -27.28100       3.537937       1.000000       2952.000    
  -68.48800      -27.59500       3.577520       1.000000       4635.000    
  -67.52400      -27.73600       3.508688       1.000000       2165.000    
  -67.54200      -27.07000       3.523562       1.000000       4072.000    
  -67.55900      -27.08000       3.512981       1.000000       3785.000    
  -67.56800      -27.07700       3.502300       1.000000       3463.000    
  -67.59100      -27.08000       3.511135       1.000000       3190.000    
  -67.62800      -27.10100       3.518416       1.000000       2584.000    
  -67.66300      -27.12900       3.506462       1.000000       2291.000    
  -66.28200      -25.79400       1.718488       3.000000       2258.000    
  -66.17500      -25.71400       1.718115       3.000000       2033.000    
  -66.17800      -25.71500       1.714079       3.000000       2129.000    
  -65.99100      -25.62400       1.701980       3.000000       2134.000    
  -65.75100      -25.96200       1.688165       3.000000       1484.000    
  -65.62900      -25.63200       1.686975       3.000000       1220.000    
  -66.00500      -25.11300       1.703285       3.000000       2914.000    
  -66.29600      -24.64500       1.704060       3.000000       3888.000    
  -66.04900      -24.71500       1.700364       3.000000       3313.000    
  -65.81000      -24.80400       1.688931       3.000000       2210.000    
  -65.75600      -24.53700       1.673780       3.000000       3390.000    
  -65.67100      -24.55300       1.683386       3.000000       4236.000    
  -65.64100      -24.67000       1.673552       3.000000       2372.000    
  -65.60200      -24.76600       1.675242       3.000000       1710.000    
  -65.56300      -24.80000       1.676621       3.000000       1459.000    
  -65.35900      -24.79600       1.639664       3.000000       1289.000    
  -65.34000      -24.72000       1.661665       3.000000       1131.000    
  -66.17500      -26.12500       1.663943       3.000000       5009.000    
  -66.05700      -26.12500       1.613805       3.000000       2914.000    
  -66.04600      -26.11400       1.617178       3.000000       2607.000    
  -66.03800      -26.11400       1.621910       3.000000       2302.000    
  -67.55700      -27.03900       1.709144       3.000000       4444.000    
  -67.59100      -27.08000       1.740945       3.000000       3146.000    
  -67.60500      -27.07800       1.730826       3.000000       2889.000    
  -67.62800      -27.10100       1.699908       3.000000       2584.000    
  -68.20500      -27.62700       1.726924       3.000000       3560.000    
  -68.30000      -27.66200       1.734574       3.000000       4436.000    
  -67.97600      -27.74100       1.737720       3.000000       3206.000    
  -67.75700      -27.69600       1.701141       3.000000       2279.000    
  -68.30000      -27.66200       3.519784       1.000000       4436.000    
  -67.97600      -27.74100       3.519521       1.000000       3206.000    
  -66.17500      -26.12500       3.738376       1.000000       5009.000    
  -66.14000      -26.13700       3.856308       1.000000       4401.000    
  -66.06700      -26.12500       3.856196       1.000000       3178.000    
  -66.04600      -26.11400       3.687004       1.000000       2569.000    
  -66.03800      -26.11400       3.649370       1.000000       2237.000    
  -66.50200      -26.69400       3.856196       1.000000       3740.000    
  -66.48200      -26.69300       3.837007       1.000000       3400.000    
  -66.39100      -24.93300       3.568952       1.000000       6150.000    
  -66.17500      -26.12500       1.663943       3.000000       5009.000    
  -66.10300      -26.13900       1.691948       3.000000       3782.000    
  -66.06700      -26.12500       1.619050       3.000000       3178.000    
  -66.05700      -26.11300       1.615014       3.000000       2861.000    
  -66.04600      -26.11400       1.617093       3.000000       2569.000    
  -66.03800      -26.11400       1.629567       3.000000       2237.000    
  -66.50200      -26.69400       1.681430       3.000000       3740.000    
  -67.60500      -27.07800       1.730826       3.000000       2889.000    
  -67.62800      -27.10100       1.699908       3.000000       2584.000    
  -67.55700      -27.03900       1.708924       3.000000       4368.000    
  -67.59100      -27.08000       1.741996       3.000000       3190.000    
  -66.17000      -18.26000       3.578789       1.000000       4150.000    
  -64.02100      -19.80400       1.684403       3.000000       1236.000    
  -63.71800      -19.80900       1.684608       3.000000       1260.000    
  -64.95100      -32.05500       1.696102       3.000000       2225.000    
  -64.96200      -32.05400       1.685231       3.000000       1811.000    
  -64.96900      -32.05000       1.630004       3.000000       1447.000    
  -68.14300      -31.37800       1.633366       3.000000       925.0000    
  -67.98200      -31.38800       1.651100       3.000000       2177.000    
  -71.18500      -35.85200       1.699151       3.000000       625.0000    
  -70.63200      -35.04800       6.123568       4.000000       1025.000    
  -70.63200      -35.04800       1.813685       3.000000       1025.000    
  -71.04500      -35.62200       6.320033       4.000000       1879.000    
  -70.63200      -35.04800       3.461851       1.000000       1000.000    
  -70.47400      -34.91900       3.505968       1.000000       1959.000    
  -70.45600      -34.97200       3.507396       1.000000       2131.000    
  -70.44900      -34.94000       3.497417       1.000000       1857.000    
  -70.43400      -34.96200       3.491986       1.000000       1800.000    
  -70.40300      -34.96900       3.492720       1.000000       1903.000    
  -70.40000      -34.97900       3.512516       1.000000       2378.000    
  -70.37700      -34.98100       3.507313       1.000000       2300.000    
  -69.19800      -23.24000       1.645866       3.000000       2323.000    
  -69.02600      -22.94600       1.657546       3.000000       2226.000    
  -68.96100      -23.04300       1.668505       3.000000       2955.000    
  -69.16100      -23.02300       1.639239       3.000000       2149.000    
  -69.19100      -23.03200       1.647710       3.000000       2012.000    
  -69.17700      -23.12500       1.620384       3.000000       2082.000    
  -69.17400      -23.07300       1.646626       3.000000       2611.000    
  -69.10100      -23.15000       1.661448       3.000000       2847.000    
  -69.10700      -23.12300       1.638041       3.000000       2375.000    
  -69.14100      -23.16400       1.627835       3.000000       2183.000    
  -69.16100      -23.02300       3.687218       1.000000       2149.000    
  -69.19100      -23.03200       3.663830       1.000000       2012.000    
  -69.14100      -23.16400       3.671677       1.000000       2183.000    
  -70.68000      -28.92700       3.661227       1.000000       1700.000    
  -70.76800      -28.80300       3.639408       1.000000       1043.000    
  -70.96600      -28.97900       3.732461       1.000000       696.0000    
  -70.21400      -28.98400       3.518000       1.000000       1524.000    
  -70.30600      -29.00900       3.536235       1.000000       1777.000    
  -70.17700      -29.95500       3.501077       1.000000       1863.000    
  -70.10200      -29.97500       3.505928       1.000000       2050.000    
  -70.24600      -29.98700       3.505019       1.000000       1661.000    
  -70.30100      -29.91300       3.502815       1.000000       1432.000    
  -70.39200      -29.84600       3.512479       1.000000       1208.000    
  -70.59200      -30.37800       3.516886       1.000000       2173.000    
  -70.71300      -30.76500       3.527978       1.000000       1182.000    
  -70.70300      -30.76400       3.519468       1.000000       1069.000    
  -70.80700      -31.46400       3.547914       1.000000       2097.000    
  -70.72600      -31.47600       3.539299       1.000000       2062.000    
  -70.76500      -31.46700       3.512244       1.000000       1586.000    
  -70.58800      -31.98800       3.486033       1.000000       1260.000    
  -70.73200      -31.88900       3.532668       1.000000       867.0000    
  -70.97400      -31.60700       3.644288       1.000000       1261.000    
  -70.98100      -31.60900       3.636672       1.000000       1139.000    
  -70.98700      -31.61200       3.625266       1.000000       1010.000    
  -70.99100      -31.62100       3.616472       1.000000       836.0000    
  -70.95900      -31.75100       3.603087       1.000000       590.0000    
  -70.10200      -29.97500       1.718022       3.000000       2050.000    
  -70.30100      -29.91300       1.635492       3.000000       1432.000    
  -70.39200      -29.84600       1.649023       3.000000       1208.000    
  -70.59200      -30.37800       1.688481       3.000000       2173.000    
  -70.71300      -30.76500       1.697599       3.000000       1182.000    
  -70.70300      -30.76400       1.682111       3.000000       1069.000    
  -70.81700      -31.17600       1.698032       3.000000       1754.000    
  -70.82600      -31.17000       1.695891       3.000000       1520.000    
  -70.80700      -31.46400       1.718482       3.000000       2097.000    
  -70.72600      -31.47600       1.681988       3.000000       2062.000    
  -70.76200      -31.46400       1.679298       3.000000       1832.000    
  -70.76500      -31.46700       1.681377       3.000000       1586.000    
  -70.76500      -31.47100       1.683075       3.000000       1469.000    
  -70.80000      -31.50500       1.686120       3.000000       1341.000    
  -70.58800      -31.98800       1.727782       3.000000       1260.000    
  -70.73200      -31.88900       1.655679       3.000000       867.0000    
  -70.97400      -31.60700       1.673392       3.000000       1261.000    
  -70.98100      -31.60900       1.671164       3.000000       1139.000    
  -70.98700      -31.61200       1.658373       3.000000       1010.000    
  -70.99100      -31.62100       1.651028       3.000000       836.0000    
  -66.15800      -27.15000       5.755493       4.000000       3030.000    
  -66.13300      -27.14500       5.512682       4.000000       3150.000    
  -66.00600      -27.16200       3.907719       4.000000       4000.000    
  -65.98300      -27.17400       4.097579       4.000000       3370.000    
  -65.97300      -27.17400       4.504611       4.000000       2830.000    
  -66.15800      -27.15000       1.672872       3.000000       3030.000    
  -66.13300      -27.14500       1.674316       3.000000       3150.000    
  -66.10800      -27.20200       1.674026       3.000000       5005.000    
  -66.04200      -27.13700       1.675035       3.000000       4920.000    
  -66.00600      -27.16200       1.658013       3.000000       4000.000    
  -65.98300      -27.17400       1.648718       3.000000       3370.000    
  -65.97300      -27.17400       1.641873       3.000000       2830.000    
  -65.96000      -27.18800       1.636796       3.000000       2580.000    
  -65.73000      -26.26400       1.704439       3.000000       3124.000    
  -65.73700      -26.25900       1.698479       3.000000       2943.000    
  -66.36900      -26.53700       1.688545       3.000000       3050.000    
  -66.30300      -26.62600       1.661300       3.000000       2559.000    
  -65.81200      -26.47700       1.647146       3.000000       2350.000    
  -65.04500      -26.44400       1.642727       3.000000       1390.000    
  -67.46100      -26.15300       1.677122       3.000000       3435.000    
  -67.42200      -26.14400       1.671144       3.000000       3410.000    
  -66.04200      -27.13700       3.775556       1.000000       4920.000    
  -66.03900      -27.13200       3.833698       1.000000       4810.000    
  -66.02800      -27.13600       3.854853       1.000000       4550.000    
  -66.01400      -27.15000       3.850989       1.000000       4265.000    
  -66.00600      -27.16200       3.848840       1.000000       4000.000    
  -65.99300      -27.17200       3.852190       1.000000       3675.000    
  -65.98300      -27.17400       3.838598       1.000000       3370.000    
  -65.97700      -27.17100       3.804318       1.000000       3030.000    
  -65.97300      -27.17400       3.773015       1.000000       2830.000    
  -70.71800      -32.98700       3.546466       1.000000       900.0000    
  -70.72700      -33.91100       3.503986       1.000000       429.0000    
  -70.96800      -33.95900       3.622459       1.000000       2174.000    
  -70.98500      -33.97400       3.581328       1.000000       1489.000    
  -70.99700      -34.00000       3.540836       1.000000       705.0000    
  -70.07100      -33.85800       3.622052       1.000000       3387.000    
  -70.59800      -32.48700       3.533555       1.000000       1544.000    
  -70.60500      -32.48300       3.560114       1.000000       1864.000    
  -70.57600      -32.50100       3.530967       1.000000       1210.000    
  -70.59400      -32.50200       3.518785       1.000000       1363.000    
  -70.11100      -33.83200       3.532213       1.000000       1720.000    
  -70.34500      -33.67400       3.506315       1.000000       1010.000    
  -70.25300      -34.40400       3.501147       1.000000       1788.000    
  -70.14200      -33.82200       3.531324       1.000000       1700.000    
  -70.16600      -34.42300       3.512692       1.000000       2472.000    
  -70.29800      -34.37000       3.501431       1.000000       1486.000    
  -70.18500      -34.43500       3.513375       1.000000       2471.000    
  -70.14300      -33.49900       3.519282       1.000000       1540.000    
  -70.14000      -34.42600       3.506966       1.000000       2482.000    
  -70.00900      -33.81400       3.563611       1.000000       2386.000    
  -70.08500      -33.83400       3.537148       1.000000       1835.000    
  -70.59000      -34.20300       3.511162       1.000000       1036.000    
  -70.35700      -32.91900       3.471414       1.000000       1291.000    
  -70.36400      -32.90100       3.471357       1.000000       1287.000    
  -70.85200      -34.47800       3.532884       1.000000       294.0000    
  -70.79300      -35.82400       3.506639       1.000000       925.0000    
  -70.59800      -32.48700       7.725962       2.000000       1544.000    
  -70.59400      -32.50200       7.982555       2.000000       1363.000    
  -70.58700      -32.53900       7.618245       2.000000       2033.000    
  -70.14000      -34.42600       8.109329       2.000000       2482.000    
  -70.59000      -34.20300       8.107417       2.000000       1036.000    
  -70.25500      -33.08200       3.523170       1.000000       2740.000    
  -70.25500      -33.09600       3.532296       1.000000       2910.000    
  -70.21000      -33.81000       3.513393       1.000000       1315.000    
  -70.21500      -33.82500       3.522321       1.000000       1560.000    
  -70.02000      -34.01000       3.565833       1.000000       2700.000    
  -70.27500      -34.04300       3.564332       1.000000       3030.000    
  -70.11900      -34.08700       3.561884       1.000000       2650.000    
  -70.32300      -34.23800       3.508598       1.000000       1490.000    
  -70.13500      -34.44200       3.535491       1.000000       3150.000    
  -70.13500      -34.44200       3.535491       1.000000       3150.000    
  -70.54200      -34.55800       3.502944       1.000000       1830.000    
  -70.24100      -34.59600       3.522153       1.000000       2680.000    
  -70.54200      -34.55800       8.109508       2.000000       1830.000    
  -69.25000      -24.24200       6.549437       4.000000       2660.000    
  -69.25000      -24.24200       1.716548       3.000000       2660.000    
  -69.11500      -24.26600       5.744334       4.000000       3183.000    
  -69.11500      -24.26600       1.671181       3.000000       3183.000    
  -69.11400      -24.27700       1.679388       3.000000       3179.000    
  -69.08700      -24.15700       1.682022       3.000000       2898.000    
  -69.55300      -23.47000       3.652374       1.000000       1824.000    
  -69.59700      -23.38800       3.646435       1.000000       1524.000    
  -70.88000      -28.98400       3.721906       1.000000       948.0000    
  -70.88000      -28.98400       1.639212       3.000000       948.0000    
  -69.59200      -35.57600       3.512452       1.000000       1572.000    
  -69.43100      -35.56300       3.490013       1.000000       1462.000    
  -69.92900      -35.86900       3.473597       1.000000       1482.000    
  -69.87700      -35.87400       3.490565       1.000000       1452.000    
  -68.03200      -30.14300       1.688874       3.000000       898.0000    
  -67.84200      -30.16300       1.696005       3.000000       1374.000    
  -69.53900      -28.01800       3.634888       1.000000       4114.000    
  -69.88500      -28.00400       3.536720       1.000000       1412.000    
  -69.84900      -28.08400       3.652635       1.000000       3021.000    
  -69.59600      -28.08600       3.637342       1.000000       3525.000    
  -69.76300      -28.10200       3.693894       1.000000       2952.000    
  -70.27300      -29.81400       3.605262       1.000000       4244.000    
  -70.27800      -29.81100       3.590610       1.000000       3994.000    
  -70.27900      -29.80400       3.570304       1.000000       3746.000    
  -70.26800      -29.79600       3.548310       1.000000       3215.000    
  -70.27200      -29.79100       3.532393       1.000000       3000.000    
  -70.29400      -29.79100       3.525788       1.000000       2754.000    
  -70.30300      -29.78800       3.514548       1.000000       2512.000    
  -70.32100      -29.78800       3.518086       1.000000       2244.000    
  -70.41600      -29.84800       3.510438       1.000000       1180.000    
  -70.53000      -29.91200       3.504864       1.000000       947.0000    
  -69.47200      -29.92600       3.548731       1.000000       3159.000    
  -70.27800      -29.81100       1.750940       3.000000       3994.000    
  -70.27900      -29.80400       1.787790       3.000000       3746.000    
  -70.29400      -29.79100       1.660987       3.000000       2754.000    
  -70.30300      -29.78800       1.640576       3.000000       2512.000    
  -70.32100      -29.78800       1.641287       3.000000       2244.000    
  -66.64200      -26.97800       1.658669       3.000000       2883.000    
  -65.33900      -26.81000       1.679536       3.000000       658.0000    
  -65.67000      -27.05400       1.635582       3.000000       960.0000    
  -65.65800      -27.02900       1.645582       3.000000       1245.000    
  -65.05300      -26.41600       1.642007       3.000000       1522.000    
  -65.52700      -26.38000       1.629985       3.000000       1298.000    
  -65.43300      -26.38800       1.653153       3.000000       1076.000    
  -66.37400      -27.50200       1.597922       3.000000       1455.000    
  -66.38300      -27.49300       1.732466       3.000000       1728.000    
  -66.39300      -27.48100       1.776033       3.000000       1980.000    
  -66.39300      -27.46900       1.778647       3.000000       2259.000    
  -66.39600      -27.45700       1.783849       3.000000       2496.000    
  -66.41300      -27.44500       1.787974       3.000000       2768.000    
  -66.41100      -27.42000       1.789693       3.000000       2961.000    
  -66.27200      -27.34000       1.737116       3.000000       4666.000    
  -66.27900      -27.34200       1.711742       3.000000       4448.000    
  -66.29700      -27.34700       1.705458       3.000000       4122.000    
  -66.32600      -27.36000       1.731243       3.000000       3874.000    
  -66.34500      -27.35300       1.634930       3.000000       3579.000    
  -66.34500      -27.33800       1.625691       3.000000       3123.000    
  -66.16500      -27.63300       1.652954       3.000000       1757.000    
  -64.81000      -28.13700       1.680938       3.000000       524.0000    
  -65.33900      -26.81000       3.621562       1.000000       658.0000    
  -65.67000      -27.05400       3.697006       1.000000       960.0000    
  -65.65800      -27.02900       3.703751       1.000000       1245.000    
  -65.66300      -26.98700       3.703759       1.000000       1605.000    
  -65.05100      -26.43500       3.736302       1.000000       1355.000    
  -66.37400      -27.50200       3.308195       1.000000       1455.000    
  -66.39300      -27.48100       3.007348       1.000000       1980.000    
  -66.39600      -27.45700       2.798911       1.000000       2496.000    
  -66.27200      -27.34000       3.006517       1.000000       4666.000    
  -66.27900      -27.34200       3.189789       1.000000       4448.000    
  -66.29700      -27.34700       3.243191       1.000000       4122.000    
  -66.32600      -27.36000       3.033378       1.000000       3874.000    
  -66.34500      -27.35300       3.454388       1.000000       3579.000    
  -66.34700      -27.34600       3.710428       1.000000       3353.000    
  -66.34500      -27.33800       3.858407       1.000000       3123.000    
  -66.18300      -27.63700       3.856165       1.000000       1208.000    
  -68.42400      -22.70100       1.668080       3.000000       3381.000    
  -68.39700      -22.71400       1.666153       3.000000       3426.000    
  -68.67200      -23.14100       1.673164       3.000000       3318.000    
  -68.71300      -23.07800       1.672271       3.000000       3386.000    
  -68.43700      -22.53700       1.666299       3.000000       3151.000    
  -68.67200      -23.14100       3.696739       1.000000       3318.000    
  -69.87600      -35.87400       1.699817       3.000000       1455.000    
  -69.71600      -34.80200       1.689716       3.000000       2410.000    
  -70.08000      -35.18600       1.685511       3.000000       2210.000    
  -69.59400      -35.55100       1.666128       3.000000       1477.000    
  -69.68500      -34.96200       1.689632       3.000000       1788.000    
  -69.91400      -35.51500       1.682140       3.000000       2248.000    
  -69.55900      -32.77700       1.677665       3.000000       2260.000    
  -69.58200      -32.80400       1.674742       3.000000       3100.000    
  -69.65400      -33.72900       1.626756       3.000000       2600.000    
  -69.62600      -33.70000       1.643804       3.000000       3565.000    
  -69.61600      -33.69600       1.724599       3.000000       4100.000    
