   104.958943437095        3.72697720095366        30.1479439252337     
   25.0060863330110        24.5848842117922     
   206.675707035311        7.95549277744106        38.0428571428571     
   24.8602664766611        23.9623425576866     
   57.6439167119871        1.80625456773378        28.8676959619952     
   25.0504408601925        24.8602173943855     
   170.440984193648        6.48349329610146        48.2394318181818     
   24.7254348826847        24.0168817112973     
                     NaN                     NaN                     NaN
                     NaN                     NaN
                     NaN                     NaN                     NaN
                     NaN                     NaN
                     NaN                     NaN                     NaN
                     NaN                     NaN
