   171.13705029086614        6.4715718406030565        24.852888157494100     
   58.154450990688453        1.7035301697670493        26.849575540127240     
   105.59788310782177        3.5305182829929875        26.555056064224633     
   172.57719756417748        6.9526276140771293        23.329268198448609     
   171.03955659314522        6.3359695144090420        25.366237658066570     
   58.175642173284025        1.6957656473673282        26.984594136268072     
   105.57612326030785        3.5644623671061932        26.297725090419640     
   58.167623727693694        1.6986899265544444        26.933577100046161     
   170.94382200637912        6.0882037524961072        26.374213905953493     
   58.187668676620518        1.6913963601070807        27.061174993121284     
   105.59371484375365        3.5368313743590383        26.506792934172008     
   171.00529271842763        6.2641776233507365        25.649314002242740     
   171.97984535163511        6.8363697084244972        23.647481545230828     
   58.035538665568680        1.7488674612367860        26.087783243555528     
   172.39323121967755        6.9211023019039937        23.412007318083113     
   172.08459112002279        6.8601466737274324        23.579443052993216     
   58.097108142659295        1.7249927158355653        26.483368656805293     
   58.172542448570589        1.6968962764408571        26.964848704731857     
   171.01136765770491        6.2781332122953382        25.593707091681988     
   58.149639760636759        1.7053034866015033        26.818927426319437     
   58.117961593423075        1.7171013735325160        26.616822118348232     
   105.60040729910209        3.5267184083485756        26.584192384327473     
   171.03262935044191        6.3227708509638774        25.417718784092333     
   58.161485866221852        1.7009443419993286        26.894391496300535     
   105.59047336544211        3.5418078723179018        26.468880220118027     
   171.00529271842763        6.2641776233507365        25.649314002242740     
   58.073211235313678        1.7341505457344542        26.330187525290416     
   171.07125137710489        6.3891444563188839        25.161472010894403     
   58.098869891264457        1.7243168935960742        26.494736095690175     
   58.188701833390660        1.6910222898072877        27.067751741476513     
   105.57439650069509        3.5672347524226673        26.276935235820893     
   58.064509936153598        1.7375104844020828        26.274427631703052     
   170.96003876035863        6.1415194061326517        26.149876642624971     
   57.908399280864188        1.8027715737777497        25.239570737441209     
   171.22488612565084        6.5472513350247361        24.580404337119084     
   57.978884024818548        1.7718505493377830        25.718471601500021     
   58.047755165988121        1.7440527222309898        26.166577188936973     
   58.004481001443857        1.7613221206583873        25.886258537908038     
   58.182709679702754        1.6931986334209350        27.029539811948091     
   105.55219148268847        3.6049022955915593        25.997946475265238     
   170.93944457612298        6.0718782877090556        26.443863073643648     
   58.112574891585439        1.7191299958237605        26.582383796127019     
   105.57472558754260        3.5666772143653440        26.281108454809328     
   58.153412095079496        1.7039109203331815        26.842986244650177     
   171.18440877473589        6.5156293164882833        24.692964200869383     
   58.166499362126991        1.6991015485362544        26.926412507793813     
   105.60198423646239        3.5243763100754437        26.602187828871699     
   170.94791895963741        6.1029259560459730        26.311753835552718     
   58.048840700968178        1.7436265943375078        26.173574172163477     
   171.03970839708111        6.3362725368811397        25.365056947910453     
   57.940306550276027        1.7883117515413365        25.460883009988581     
   171.13360791456404        6.4679347572724266        24.866267363739585     
   170.95792477592082        6.1350016899951294        26.177064956441825     
   57.957909614713849        1.7806844545374836        25.579494968296903     
   57.921019115201652        1.7969432534801264        25.328214973975701     
   171.03603243233093        6.3293326595317518        25.392092505288133     
   58.082107602542592        1.7307185289354032        26.387370820805018     
   170.94331186953232        6.0863278669370366        26.382197268874599     
   58.113930199685868        1.7186190026159289        26.591049994635089     
   171.01812392518352        6.2930048270548200        25.534756229667892     
   58.136606725423512        1.7101391383496720        26.735725389070105     
   171.10380468415659        6.4336996434220328        24.993289198668808     
   171.03948079380203        6.3358180626701337        25.366827833188239     
   58.095137589659373        1.7257402675344498        26.470792342400252     
   58.186033486933439        1.6919927362802447        27.050702833680127     
   57.923763394692770        1.7956956348037669        25.347288473731776     
   58.058477404984181        1.7398575500145288        26.235630357709379     
   58.052766425989198        1.7420948863601760        26.198766511914229     
   171.13396117630685        6.4683162684466460        24.864862077842631     
   58.056356524150992        1.7406849477638269        26.221981493280548     
   171.00967837685221        6.2743051709832631        25.608932815172633     
   58.006962394764997        1.7603190332678329        25.902372762577301     
   58.062306835719731        1.7383730207399459        26.260165676882835     
   171.16046990182224        6.4945452978628309        24.769025121789127     
   171.69066461481322        6.7585166039186806        23.880140073272756     
   58.064322251898489        1.7375865730864539        26.273172795426493     
   58.126485392466094        1.7139115583940980        26.671168587447969     
   170.95690837247531        6.1317767202632343        26.190543389231269     
   173.39088233106429        7.0657807744748871        23.053606348081043     
   173.18954380233646        7.0407509246387665        23.111893739928128     
   58.025126636378332        1.7530120082831024        26.020361452592930     
   58.027337134112798        1.7521264621651935        26.034732369871939     
   170.99628925728899        6.2423961456745989        25.736659023401725     
   58.048493930303692        1.7437592967995701        26.171389824633003     
   58.147028927252677        1.7062689483272930        26.802273112656671     
   171.07748120234533        6.3983587442732492        25.126432231807538     
   171.01546236341895        6.2872596926114914        25.557489847644849     
   58.096566906758994        1.7251958869596065        26.479946265287346     
   57.959964948347121        1.7798112087402838        25.593161791987672     
   58.146164348990233        1.7065866187530603        26.796794115277237     
   171.14634531827824        6.4810649152407143        24.818080101169780     
   171.24934639123026        6.5643926693310508        24.520171492125570     
   58.141882042545838        1.7081738506703847        26.769470878308251     
   170.98523703963559        6.2139468338753137        25.851746437184111     
   58.069892448785346        1.7354335225306818        26.308872699800133     
   170.96490673330419        6.1563484206883290        26.088235660247786     
   58.054031104892104        1.7415968192044540        26.206960997027785     
   58.080188282539616        1.7314590478624292        26.375013556756791     
   58.053838212620938        1.7416755752175830        26.205669030474134     
   175.26703068755364        7.2619922576663427        22.578349570071534     
   57.963964293729653        1.7781144746145565        25.619758119316057     
   105.55434295184837        3.6010844172987087        26.025934161887083     
   172.41579315859994        6.9251510975785360        23.401218419414892     
   57.960944402623319        1.7793937352997404        25.599698440987421     
   105.50904707717602        3.6996154940710402        25.324624729713904     
   57.833483544198245        1.8445788776141987        24.628485299125170     
   105.52542861831505        3.6573165523448559        25.620298291150284     
   58.053912843405001        1.7416497143610374        26.206099765050460     
   105.57163908265258        3.5717344841846588        26.243272710334349     
   58.167966607787797        1.6985708432477744        26.935660879214609     
   171.42262333922230        6.6591373844239676        24.197746964520366     
   58.083907424858452        1.7300307364899710        26.398867607152440     
   105.59146278745892        3.5403042919030780        26.480326808815555     
   58.090019491007915        1.7276904684159422        26.438047580932139     
   105.50115945755208        3.7745497066020306        24.822366187009422     
   170.94485416731828        6.0919797910080042        26.358159312848773     
   58.079079271361465        1.7318916756438427        26.367806159489486     
   171.11669538219670        6.4491714241802054        24.935640648638952     
   58.060280607397246        1.7391647606903531        26.247084436865148     
   105.57984725075879        3.5584658957329536        26.342798257934607     
   58.051002861041255        1.7427787893847810        26.187506577473584     
   105.56710112062369        3.5792152831556971        26.187506577473584     
   58.074085015397714        1.7338070126861727        26.335891554310372     
   105.51902353516850        3.6721360210047993        25.515765419667492     
   58.093702201465248        1.7262874257567677        26.461598210629102     
   105.49971925127042        3.7585091496324039        24.927406261154040     
   58.029615579498007        1.7512190528621354        26.049480751937690     
   171.08529500839771        6.4094402796770993        25.084467254957691     
   57.942938551058319        1.7871725012609969        25.478537097741448     
   105.51772605365103        3.6753454476716239        25.493260571851177     
   57.922392122141993        1.7963181326826327        25.337767357592181     
   105.56989092656428        3.5745862820640086        26.221981493280548     
   58.096091140921835        1.7253770395308969        26.476899414175016     
   105.54894002676660        3.6107257463056142        25.955377330867023     
   58.024839502296366        1.7531266757786093        26.018501132661168     
   105.52302013120232        3.6626960456529520        25.582233625413899     
   58.012984726803118        1.7578879111599004        25.941508467071621     
   58.049457847700772        1.7433878524403439        26.177500943791699     
   58.075743719120766        1.7331733468355155        26.346446059670946     
   105.61024934104375        3.5121426205750135        26.696577934288904     
   175.29193371653011        7.2660782608552630        22.559084559782271     
   57.943326762013598        1.7869881756478225        25.481374405569792     
   57.869312457130683        1.8223846103720360        24.947264890733226     
   105.57163908265258        3.5717344841846588        26.243272710334349     
   57.814486151608953        1.9022475339071814        23.873533538461547     
   105.78634657963256        3.9647816479209386        23.707513500577438     
   58.114155522808041        1.7185340871652199        26.592490675971611     
   171.21333080895491        6.5386732064144875        24.610755520969420     
   58.041333416382791        1.7465871874623788        26.125051573814787     
   105.55643276188957        3.5974427312998274        26.052695355851458     
   57.989613722606606        1.7674084657140572        25.788980969097327     
   58.102756021618589        1.7228467308689792        26.519526388373514     
   58.024344948636141        1.7533279145911782        26.015242258659182     
   58.115504101454498        1.7180260887545469        26.601112724321151     
   58.016640426421617        1.7564083296233080        25.965373781897011     
   57.969457139344442        1.7757920573625414        25.656254508387025     
   171.01656728191458        6.2896352156809545        25.548085750704914     
   171.02089929166826        6.2989494140841238        25.511278584260499     
   105.60446696686844        3.5206791076428225        26.630641354000137     
   171.02830505790192        6.3142328124250033        25.451155567030604     
   105.55540108618123        3.5991939877670753        26.039811964578295     
   105.60843514958248        3.5148016021617305        26.676002089841923     
   58.095442702719609        1.7256268866800104        26.472702719508696     
   105.58288746746193        3.5536652903944304        26.379007426855839     
   105.58019871080025        3.5579283641476214        26.346851000311553     
   170.99535113499883        6.2400846033256112        25.745965712127752     
   105.66378281638993        3.9218759185120300        23.935284733037584     
   105.49993266272196        3.7462402514334410        25.008688819914813     
   105.76303880459977        3.9577326755785687        23.743833025375729     
   58.165904287383732        1.6993259540096917        26.922518588307881     
   58.117801003810783        1.7171643923689428        26.615755023426551     
   58.064134474317441        1.7376627112522374        26.271917269138651     
   58.062306835719731        1.7383730207399459        26.260165676882835     
   58.156603426329063        1.7027372842925739        26.863300201324044     
   58.124845186636030        1.7145205746127574        26.660769443877079     
   58.172807118590192        1.6967954959946034        26.966600803561683     
   58.101522027166268        1.7233121951052257        26.511670941626793     
   58.220570162327746        1.6795879853730999        27.270362746260691     
   58.198297160371546        1.6875577340093892        27.128817691593579     
   58.122783182299592        1.7152985588552780        26.647515273261138     
   58.158738938776139        1.7019515383379968        26.876915279359768     
   58.085698057967683        1.7293471861221130        26.410303608332470     
   58.216512506549840        1.6810344778723503        27.244564400883721     
   58.218776529148684        1.6802270196745017        27.258959436291988     
   58.141790979554770        1.7082124188876910        26.768815213592067     
   58.151289701224094        1.7046963514360738        26.829414954748582     
   58.160527147396714        1.7012964751045261        26.888280146818598     
   58.193558266774531        1.6892704133013365        27.098601684326109     
   58.192424101828784        1.6896819503676719        27.091352901737835     
   58.228411951283455        1.6767993740662865        27.320234410990484     
   58.229411494519596        1.6764449315563983        27.326586791340230     
   105.65352350462686        3.4520046318089461        27.170945902142947     
   58.230264227836095        1.6761426900346330        27.332005966610641     
   105.65549007131609        3.4493955177937861        27.191921913009175     
   58.229490674723905        1.6764199838088860        27.327039294499201     
   58.222241765692992        1.6789945784707021        27.280963194531889     
   58.229696150176345        1.6763440241456671        27.328395815504201     
   58.232816014911222        1.6752451416089722        27.348122099035692     
   105.65643101995666        3.4481536752886681        27.201918167091534     
   58.230626373021629        1.6760174732296482        27.334256975002173     
   58.229735686858682        1.6763315688741631        27.328621758264976     
   58.231614733050996        1.6756673696801165        27.340538033208404     
   105.65551794938814        3.4493645099783841        27.192172707898042     
   58.229102755361943        1.6765590865470357        27.324548486296020     
   58.203648046411047        1.6856385512707359        27.162773697187870     
   58.168795063688734        1.6982634935364158        26.941006983224497     
   58.179954209080918        1.6941958937017778        27.012056940325042     
   58.163287208619657        1.7002788518138707        26.905941892666196     
   58.182004116982526        1.6934548858107945        27.025046986904311     
   58.194519383605176        1.6889215860519069        27.104748519261072     
   170.97463213895190        6.1847435928278962        25.971068573452222     
   58.152369256998760        1.7042933198173518        26.836371688789168     
   58.135593272196047        1.7105090790209749        26.729369856855683     
   57.900858617504760        1.8063576044072005        25.185436603844899     
   58.192593178825263        1.6896208662885583        27.092429046050185     
   58.180231294554176        1.6940991732134409        27.013757472975904     
   58.175591740980011        1.6957819697185335        26.984305530635655     
   58.176285875112136        1.6955351910885410        26.988629100106486     
   58.122222423168431        1.7155037227163437        26.644012042813642     
   58.133908820138153        1.7111365857374299        26.718615925484919     
   171.14732278772138        6.4820427125400242        24.814503206052223     
   174.61629910347187        7.1950327235906659        22.765760000709410     
   171.45640712715175        6.6739621381030556        24.148980190777337     
   171.32283658695678        6.6092734067263939        24.365172348901247     
   58.229553873812037        1.6763944577927703        27.327491632872817     
   58.220784933531988        1.6795082276144782        27.271781163753182     
   58.220908908601579        1.6794690006626223        27.272489791494301     
   58.078939842973263        1.7319392373645879        26.367003872009722     
   58.187716679956594        1.6913809186794393        27.061449598665803     
   58.173955103570066        1.6963787053237094        26.973880638158725     
   58.180715079954645        1.6939212847277660        27.016870293402288     
   58.186409412123631        1.6918506132008557        27.053189636301447     
   105.61940377002645        3.4989225847823926        26.799374581309610     
   58.066212354798552        1.7368561721423579        26.285274035071200     
   58.149584106247374        1.7053217424357132        26.818608636956043     
   58.187716679956594        1.6913809186794393        27.061449598665803     
   170.92982189875872        6.0342743205321163        26.605767264923138     
   58.173508931513162        1.6965456299534081        26.970972681914848     
   170.94803751131550        6.1033158397291922        26.310107924431964     
   170.95044655078863        6.1111847518759710        26.276935235820893     
   170.93428287403833        6.0519957989112152        26.529210555065323     
   58.138899224281104        1.7092864588239722        26.750359237089299     
   170.95230215908421        6.1171765966912250        26.251734679431628     
   58.129929046881585        1.7126239978175999        26.693164237268714     
   170.93515158761781        6.0554606724710229        26.514292770306067     
   170.96403796337754        6.1537368340550973        26.099068680223411     
   105.60384867572536        3.5215975857596327        26.623566844932515     
   170.94983742207091        6.1092047325889389        26.285274035071200     
   58.097213187293207        1.7249470443228234        26.484128424768404     
   170.92550497839696        6.0165306150465856        26.682885727277625     
   170.92802369507083        6.0269167169215025        26.637690107403479     
   58.145556526774421        1.7068116818762598        26.792916355985767     
   58.189016845998708        1.6909140683451815        27.069664550628818     
   170.92495060591858        6.0141741126348407        26.693164237268714     
   171.00610650830893        6.2660547107082776        25.641820257473320     
   58.125618318002928        1.7142361422666963        26.665629456483014     
   58.168153284332703        1.6985025331976895        26.936850417702797     
   105.62706470533415        3.4880808810382327        26.884295812010834     
   58.150094835797610        1.7051376492669956        26.821793918167227     
   58.164667251103715        1.6997749614432405        26.914703029749781     
   58.190726612889911        1.6902955164219511        27.080548228011807     
   58.131517646221461        1.7120258800542949        26.703386687587304     
   105.62621847164210        3.4892555367372724        26.875065098333508     
   58.156018082141756        1.7029528147087374        26.859568016786355     
   58.178932943032287        1.6945693801954869        27.005520987858898     
   105.62621847164210        3.4892555367372724        26.875065098333508     
   58.177137932906327        1.6952227709831269        26.994088690214802     
   58.148582616188506        1.7056919237459600        26.812220636032407     
   58.183364343876761        1.6929589670525484        27.033739960552250     
   105.63550328444920        3.4763539486561381        26.976783302227119     
   58.044907341060302        1.7451790354498706        26.148111892601001     
   58.191991324848217        1.6898345216120187        27.088659108428729     
   105.62594963364459        3.4896492365036913        26.871976965349155     
   58.205163724554779        1.6850907623683831        27.172472895374160     
   105.62538972435746        3.4904382762813788        26.865783795038947     
   58.205572216812484        1.6849477225141634        27.175014178987940     
   105.63120025194550        3.4823135737192263        26.929700167756458     
   58.205572216812484        1.6849477225141634        27.175014178987940     
   58.199092990332190        1.6872766709068239        27.133792979730963     
   58.101353034652618        1.7233791501482987        26.510546274819205     
   105.64582976649793        3.4622794804996051        27.088659108428729     
   105.65053233236533        3.4559846039167437        27.139011558718806     
   58.207550022230024        1.6842348304422963        27.187651404130214     
   58.210310354276153        1.6832495128440066        27.205151301678089     
   58.213035908346704        1.6822779249435220        27.222429517768077     
   105.63362294953555        3.4789368872631981        26.956353178975686     
   58.208339730262168        1.6839518040369630        27.192674160670439     
   105.65342789229901        3.4521314699258876        27.169926979253251     
   58.214573003943798        1.6817286341785300        27.232204336383994     
   105.64831684335176        3.4589360409664422        27.115377527521570     
   58.215337398246291        1.6814556335846673        27.237065107632901     
   58.214181152200148        1.6818652258814297        27.229767303380541     
   58.209527773803565        1.6835297152625737        27.200174075278191     
   58.214181152200148        1.6818652258814297        27.229767303380541     
   58.195782589345086        1.6884696001832422        27.112727530545413     
   58.208339730262168        1.6839518040369630        27.192674160670439     
   58.222454795440953        1.6789155333182990        27.282370035205961     
   58.220974850523106        1.6794422465084329        27.272961994945000     
   58.220974850523106        1.6794422465084329        27.272961994945000     
   58.221716160006707        1.6791783645528389        27.277674581893422     
   58.220230857489575        1.6797071837421451        27.268232211818802     
   105.65743190600755        3.4468296328023844        27.212583231448512     
   58.215337398246291        1.6814556335846673        27.237065107632901     
   58.228983738320309        1.6765965938910683        27.323868308530564     
   58.222831369371995        1.6787848151887608        27.284711356230709     
   57.961270542616660        1.7792548457275430        25.601873960372281     
   58.185463247399710        1.6921975090702575        27.047103581008368     
   57.851728866918627        1.8324610482095089        24.800867929921736     
   57.910228937329663        1.8019193468018508        25.252488211107540     
   57.856026942948226        1.8298857332220013        24.838024542156127     
   171.15303096859773        6.4875635474881221        24.794385113424475     
   58.127625824095098        1.7134874148373789        26.678414218531469     
   58.009776006244195        1.7591721365084942        25.920806195163586     
   58.106237500710783        1.7215274245742345        26.541805325802024     
   171.02231814498867        6.3019450093981160        25.499467056183708     
   58.069235947970668        1.7356813308872308        26.304750380563913     
   58.131364017596745        1.7120857068623692        26.702366956434421     
   57.890071996448846        1.8116230203092598        25.106494161323301     
   57.828661489918588        1.8482951562299905        24.576486429619532     
   57.981407708550400        1.7708001771092370        25.735104823525521     
   57.984858316802466        1.7693686634685912        25.757811582167403     
   58.058286716552516        1.7399351684471442        26.234354177554245     
   58.038963338883036        1.7475160058227308        26.109853896380297     
   58.080825173942380        1.7312202690090284        26.379007426855839     
   57.887440405856935        1.8129247461722122        25.087067399441111     
   58.188310069678749        1.6911621724282124        27.065288829236387     
   57.958001413590054        1.7806497956211278        25.580042911904183     
   58.025253391929120        1.7529540646302340        26.021291096542075     
   171.12221322643788        6.4554804517565136        24.912246776673744     
   58.183090776322871        1.6930543019388749        27.032061278032661     
   58.191774636665372        1.6899109227421147        27.087310370795024     
   58.018264097397456        1.7557635071027051        25.975804559549221     
   58.054565627886383        1.7413878471842341        26.210402764875386     
   58.138517979642657        1.7094209243562055        26.748038967624975     
   58.166123494951300        1.6992392056205408        26.924017341059916     
   58.224946281675606        1.6780297056549609        27.298207254029329     
   58.223084662859094        1.6786931017479114        27.286347745751257     
   58.227095458942742        1.6772712293370255        27.311790356678205     
   170.89666563845719        5.8788978100969169        27.297281072147918     
   170.90377191833230        5.9166888880771893        27.125666522115811     
   170.89894992666427        5.8914093206108875        27.240215127984008     
   58.227159423821050        1.6772453609271509        27.312248248172981     
   58.220081736019551        1.6797602982248974        27.267284186132418     
   170.89879247047503        5.8905598261442904        27.244081852115787     
   58.017306926749860        1.7561442150210629        25.969646063875210     
   58.002457120348723        1.7621490608623005        25.873000173748107     
   57.829309014119445        1.8477903020578206        24.583534240099233     
   57.938381016621584        1.7891640589890463        25.447714497377500     
   57.830945952241137        1.9143338309740503        23.731823223366995     
   57.971293778720749        1.7750146308010886        25.668491661815821     
   57.987092561205564        1.7684320608823498        25.772674525490654     
   58.017306926749860        1.7561442150210629        25.969646063875210     
   58.038685499171656        1.7476258086695855        26.108059670189355     
   58.045575161657915        1.7449094607245739        26.152521334716994     
   58.045575161657915        1.7449094607245739        26.152521334716994     
   57.971293778720749        1.7750146308010886        25.668491661815821     
   57.994852697060971        1.7652552278069278        25.823307922127768     
   58.038685499171656        1.7476258086695855        26.108059670189355     
   57.938381016621584        1.7891640589890463        25.447714497377500     
   58.031678137559254        1.7504025709974684        26.062771390665993     
   57.971293778720749        1.7750146308010886        25.668491661815821     
   57.946761605945234        1.7854955744384950        25.504535108049062     
   58.009941949204709        1.7591127584347390        25.921772767798853     
   57.979250984739480        1.7716848072733240        25.721077199538790     
   57.844427643468400        1.8370338746537198        24.735325714153923     
   57.809063651396919        1.8954251522933423        23.956440648011185     
   57.805761552716042        1.8872188231273443        24.058651299419605     
   57.829309014119445        1.8477903020578206        24.583534240099233     
   58.097807743452364        1.9761252214624148        23.126345309693978     
   57.895120835514433        1.9387057661866054        23.467442518540299     
   57.982401618051142        1.7703746079057217        25.741833319357557     
   58.054031104892104        1.7415968192044540        26.206960997027785     
   58.018602866508040        1.7556162576785299        25.978169261167679     
   57.970921628963943        1.7751843207436020        25.665835985731679     
   58.213805843909476        1.6820027297057270        27.227325828013626     
   58.178704216311424        1.6946505748210272        27.004096501710045     
   58.064727552147289        1.7374355964680923        26.275681778368028     
   58.003578632947715        1.7616888701344429        25.880374181488218     
   58.115467245229340        1.7180479323059581        26.600754225385316     
   57.964379629876355        1.7779428017941303        25.622457939596600     
   57.935585034861305        1.7903946170444653        25.428714903113171     
   57.977440402013706        1.7724441133736046        25.709070946896762     
   58.005765203979131        1.7608046079463793        25.894572188662803     
   57.989836859121937        1.7673123994193431        25.790504665521365     
   57.983117242715920        1.7700818588205334        25.746481821669366     
   57.935098224308703        1.7906203575851536        25.425246961205922     
   58.025620299854999        1.7528112617581191        26.023613702522976     
   58.014211008371284        1.7573822113274573        25.949647550279877     
   57.928644110917965        1.7934994071745312        25.380956163509168     
   58.004781407785970        1.7612000926865168        25.888217063598674     
   58.144280239652083        1.7072821423132549        26.784810404519114     
   57.874812676574145        1.8194360767716000        24.990602475228915     
   57.948944973864620        1.7845574185029303        25.519125930593308     
   57.955558218978808        1.7817056937396463        25.563558301353769     
   58.010535558515556        1.7588728084565552        25.925635463060718     
   57.985308601975490        1.7691738666584029        25.760893352400167     
   58.028352057482664        1.7517293203821303        26.041195517563153     
   171.08718027314825        6.4120282661199930        25.074695767384608     
   171.09221642526222        6.4188116174483172        25.049133504128086     
   170.99838229127749        6.2475669496240949        25.715863530150532     
   171.04805744039137        6.3513410150576002        25.306606784240337     
   105.51902353516850        3.6721360210047993        25.515765419667492     
   105.61116257886879        3.5108260225263654        26.706781766693304     
   105.54461710903479        3.6186776235527689        25.897500130845138     
   105.50071022507296        3.7373374059387712        25.068162973826833     
   105.50174778147694        3.7778609031950685        24.800867929921736     
   105.58119602502407        3.5563205830484095        26.358964835190399     
   105.59435849431674        3.5358486988047670        26.514292770306067     
   105.53490119445078        3.6373872314823075        25.762432928713860     
   105.60692415295773        3.5170435205695019        26.658682780649965     
   105.54389638371754        3.6200241369838735        25.887727569198820     
   105.59047336544211        3.5418078723179018        26.468880220118027     
   105.61266871380045        3.5086496373934377        26.723664641303767     
   105.59340522957056        3.5373247694155481        26.503032735594019     
   105.59977862414725        3.5276623697227247        26.576948122928002     
   105.52302013120232        3.6626960456529520        25.582233625413899     
   106.91890774217764        4.1403234323310310        22.968133385533324     
   105.56217581578144        3.5875139397147904        26.125942595592029     
   105.51902353516850        3.6721360210047993        25.515765419667492     
   105.59047336544211        3.5418078723179018        26.468880220118027     
   105.54571447434250        3.6166699521094854        25.912090829309928     
   105.59047336544211        3.5418078723179018        26.468880220118027     
   105.63891677933009        3.4716529787149470        27.014040714443198     
   105.62370048461111        3.4928250234649130        26.847068304701310     
   105.62817345875075        3.4865253923099973        26.896525213392025     
   105.63787036230222        3.4730860490588409        27.002670717631720     
   58.141470835892626        1.7083264592728145        26.766846784956666     
   57.877131839285461        1.8182095048110076        25.008688819914813     
   57.990592128296129        1.7669931353952131        25.795577445177404     
   57.844837844710064        1.8367762230863143        24.739009413091757     
   58.215819952371909        1.6812782937681636        27.240215127984008     
   58.079653001814769        1.9736124880083779        23.146570639469594     
   57.897130486095762        1.8081627940847702        25.158304006879668     
   105.62482823070877        3.4912305773298269        26.859568016786355     
   105.64099122098492        3.4688216634969495        27.036533691179887     
   105.66225436841870        3.4405261543429044        27.263485169743873     
   105.65438139819699        3.4508676786141965        27.180082882418166     
   105.65555655986154        3.4493018723166862        27.192674160670439     
   105.66493575657198        3.4370412831154029        27.291709789950936     
   105.59146278745892        3.5403042919030780        26.480326808815555     
   105.58819468208404        3.5453555049700851        26.441926346509266     
   105.59469243893707        3.5353594094518939        26.518032433374476     
   105.56429304001423        3.5839260856060817        26.152521334716994     
   105.63065534764007        3.4830723671396759        26.923717699710469     
   105.63415930245674        3.4781950173035172        26.962216963338690     
   105.63308503977271        3.4796818025774146        26.950467992722587     
   105.63308503977271        3.4796818025774146        26.950467992722587     
   105.63228536500043        3.4808052976629016        26.941599913424316     
   105.62453625212781        3.4916275527497018        26.856451623800496     
   105.62706470533415        3.4880808810382327        26.884295812010834     
   105.62565931602896        3.4900429499647121        26.868883201020427     
   105.62112893616954        3.4964606617297029        26.818608636956043     
   105.59371484375365        3.5368313743590383        26.506792934172008     
   105.62170080115619        3.4956467937904794        26.824973400721966     
   105.61503919131928        3.5052135677282563        26.750359237089299     
   105.59533370591208        3.5343829645977767        26.525491313082597     
   105.59724811369414        3.5314783285991727        26.547705290621114     
   105.58653313262340        3.5479213025430161        26.422461456663051     
   105.59371484375365        3.5368313743590383        26.506792934172008     
   105.60384867572536        3.5215975857596327        26.623566844932515     
   105.60875023808175        3.5143565646733990        26.679447045989825     
   105.59914836564514        3.5286103230548149        26.569677381406326     
   105.61056189906350        3.5117031321921277        26.699985413919961     
   105.61085086435561        3.5112636786154354        26.703386687587304     
   105.58253906911264        3.5541936511586734        26.375013556756791     
   105.57884578656004        3.5600875895882798        26.330595440777763     
   105.60198423646239        3.5243763100754437        26.602187828871699     
   105.60935572835673        3.5134683858355289        26.686318145245693     
   105.58687681792343        3.5474063558624334        26.426368673770256     
   105.56989092656428        3.5745862820640086        26.221981493280548     
   105.61766422627836        3.5014153186496091        26.779929078111373     
   105.59884505515450        3.5290862778166661        26.566032049885621     
   105.63200454125453        3.4811808247601990        26.938633101028405     
   105.53064196140622        3.6460872056469236        25.700162985237831     
   105.50532133042448        3.7129166969435738        25.233399370817317     
   105.51611471011320        3.6794019479105375        25.464878897318648     
   105.50071022507296        3.7373374059387712        25.068162973826833     
   105.57335066808940        3.5689124446044076        26.264369598742508     
   105.59047336544211        3.5418078723179018        26.468880220118027     
   105.58488879437219        3.5505157099262523        26.402817905325065     
   105.59112474311502        3.5408040876076008        26.476518244730158     
   105.58885134950056        3.5443366294567991        26.449662652352981     
   105.56217581578144        3.5875139397147904        26.125942595592029     
   105.56886152145454        3.5763132464662455        26.209112694172752     
   105.54389638371754        3.6200241369838735        25.887727569198820     
   105.54139156051515        3.6247863245515002        25.853234808361236     
   105.56112895841336        3.5893263273663463        26.112542758314884     
   105.55828713911527        3.5942169669656745        26.076445671708278     
   105.55791559696573        3.5948338170720384        26.071895985353031     
   105.55757454660589        3.5954532365512426        26.067337897432516     
   105.55791559696573        3.5948338170720384        26.071895985353031     
   105.53599000095528        3.6352508442737688        25.777780855010079     
   105.55147324697509        3.6061863702333072        25.988547948864905     
   105.54461710903479        3.6186776235527689        25.897500130845138     
   105.56989092656428        3.5745862820640086        26.221981493280548     
   105.54499378082866        3.6180073033868103        25.902372762577301     
   105.53813965820314        3.6310211842713378        25.808217733320735     
   105.50578234650510        3.7111117250682035        25.245729058532966     
   105.66094856345798        3.4422410572496598        27.249620565449728     
   105.66031001823967        3.4430759548456580        27.242874710954652     
   105.66053014780488        3.4427769314038579        27.245287894560992     
   108.54616943489513        4.2689605443606933        22.629141043577484     
   105.66067523964755        3.4425982967184785        27.246733696598806     
   106.60256224604566        4.1063471945680527        23.084361826485999     
   105.84013993395898        3.9797104385234348        23.632073484087968     
   105.77059122834085        3.9600549776822924        23.731823223366995     
   105.65811025298818        3.4459433766760914        27.219728935546357     
   105.76303880459977        3.9577326755785687        23.743833025375729     
   105.65862802175543        3.4452746733807014        27.225124695266981     
   105.51519455993773        3.8144027316134976        24.567845269150865     
   105.65848089986115        3.4454565267273294        27.223655267805398     
   105.49969266792687        3.7523154805181576        24.968339427764601     
   105.65894292666269        3.4448501598345955        27.228547121498522     
   105.66013755221846        3.4432849498030249        27.241182865579511     
   105.66365403517818        3.4387154948616105        27.278144897208307     
   208.65782513441317        8.4007109465403982        23.743833025375729     
   105.56676578579322        3.5798001949126395        26.183161496071364     
   58.147924010085781        1.7059331475153947        26.808055934129243     
   105.56780033537193        3.5780504322967168        26.196172835215830     
   105.58454273628263        3.5510373131749402        26.398867607152440     
   105.56989092656428        3.5745862820640086        26.221981493280548     
   105.58687681792343        3.5474063558624334        26.426368673770256     
   105.60875023808175        3.5143565646733990        26.679447045989825     
   105.61414191916612        3.5064949577059163        26.740394349275178     
   105.61824567323475        3.5005809573682041        26.786434550451087     
   105.61970326307735        3.4985105523341629        26.802594878361749     
   105.61326373673880        3.5077852436786165        26.730374825773442     
   105.63091779057105        3.4826921955932413        26.926711658277288     
   105.50808666123221        3.7997127643911144        24.660546910587289     
   105.63970717898621        3.4705861844250165        27.022514012917462     
   105.63575904120007        3.4759875420940918        26.979680683772134     
   105.64228479358536        3.4670757279936328        27.050426270558020     
   105.64228479358536        3.4670757279936328        27.050426270558020     
   105.64381312480870        3.4650034815626807        27.066931219275741     
   105.64482445597491        3.4636359518236728        27.077834737779241     
   105.59694257171157        3.5319603569812159        26.544019831555719     
   105.57612326030785        3.5644623671061932        26.297725090419640     
   105.54317575037716        3.6213768073848023        25.877918473477912     
   105.64074279931353        3.4691734185237579        27.033739960552250     
   105.61295499465892        3.5082165551399465        26.727022791226620     
   105.61621481350960        3.5035168707811861        26.763561283675983     
   105.62509857669734        3.4908336169714520        26.862678737076767     
   105.62482823070877        3.4912305773298269        26.859568016786355     
   105.63628918811406        3.4752577164675511        26.985459637810688     
   105.63010887573259        3.4838342830634450        26.917713395438902     
   58.182709679702754        1.6931986334209350        27.029539811948091     
   58.195569399517211        1.6885446248543183        27.111400721040468     
   58.189730533169609        1.6906500332344205        27.074299803781045     
   58.203047860739893        1.6858559748835880        27.158926549995080     
   58.217982681381628        1.6805083730134898        27.253939056513122     
   58.218843152190423        1.6801999594451522        27.259436567080407     
   58.203442117569210        1.6857107285919712        27.161492482383256     
   58.180260701025659        1.6940824400268506        27.014040714443198     
   58.207954112128242        1.6840935042540230        27.190165069293599     
   58.205846951341563        1.6848473661505210        27.176790325693364     
   58.210379679655610        1.6832212292857880        27.205648027937983     
   58.196069469690322        1.6883642742506815        27.114583035143763     
   58.190584391863162        1.6903411979480303        27.079734699811112     
   58.192254903066136        1.6897430838704215        27.090275973133732     
   58.167966607787797        1.6985708432477744        26.935660879214609     
   57.944277630569793        1.7865873226913362        25.487606632207079     
   58.194519383605176        1.6889215860519069        27.104748519261072     
   58.145556526774421        1.7068116818762598        26.792916355985767     
   57.982978968318768        1.7701476700270888        25.745449504964064     
   58.120363615715377        1.7162065883808437        26.632053162091619     
   58.163445890749934        1.7002271699094829        26.906850365108774     
   58.138725768889365        1.7093436816978818        26.749365198348599     
   58.173041271733837        1.6967121225417539        26.968059423825402     
   58.171991493027811        1.6970974320896106        26.961338756984535     
   58.144393663327136        1.7072448338585859        26.785460240479512     
   58.197020249375086        1.6880196472557341        27.120663064114108     
   58.170937387708953        1.6974845554343081        26.954589873855504     
   58.177007878431027        1.6952721801847070        26.993227905347730     
   58.226478018045526        1.6774888406884110        27.307891537927389     
   105.62021063517696        3.4977698791836378        26.808376646184481     
   105.62464884392512        3.4914685033696551        26.857698862382613     
   105.50933689084347        3.6987485034136318        25.330606011695235     
   106.84341462877207        4.1327224595923537        22.992924526194123     
   105.65489196869379        3.9180321148120987        23.956440648011185     
   105.50029604583784        3.7412634811220644        25.041882306079970     
   105.51304014425678        3.6876721896972682        25.407262704097949     
   107.09352602449995        4.1570708454380130        22.915578393874142     
   106.00423111005705        4.0170658595156192        23.452712340208038     
   105.59724811369414        3.5314783285991727        26.547705290621114     
   58.151576350230144        1.7045859446374443        26.831315012271755     
   57.988600834086448        1.9592350330679897        23.269754926364360     
   58.106366118899487        1.7214842358637850        26.542543763812915     
   57.995073529962355        1.7651606527544428        25.824812272988716     
   58.144336957172214        1.7072634861796454        26.785135352104469     
   58.195736209779099        1.6884844594390926        27.112462265296561     
   57.922049030750756        1.7964741661576393        25.335382200489605     
   58.172410010849660        1.6969467131111398        26.963971936949697     
   58.160527147396714        1.7012964751045261        26.888280146818598     
   58.145612988529308        1.7067931218993726        26.793239826563571     
   58.175178443571610        1.6959305517883490        26.981705712912046     
   105.57094654069188        3.5728717006769339        26.234779648968093     
   58.194109398774465        1.6890733261471138        27.102079145942934     
   58.191991324848217        1.6898345216120187        27.088659108428729     
   57.880816778591068        1.9345277252490007        23.510602640469017     
   57.818137882205242        1.9056152707218978        23.833334113361097     
   57.893801922965316        1.8097753239902885        25.134113474588794     
   57.986332122992408        1.7687546634555205        25.767558557909805     
   57.881882388310622        1.8157429500629276        25.045180578193968     
   58.209910620108779        1.6833891477153156        27.202664954629299     
   170.89958111535287        5.8947809615612279        27.224879902181623     
   58.225382786190579        1.6778746252536578        27.300981754966340     
   170.90749302089390        5.9352703078235676        27.042105909937703     
   105.65532910264220        3.4496140303124299        27.190165069293599     
   105.65317988514539        3.4524486866134731        27.167376422174854     
   105.64906469915761        3.4579464784013578        27.123298621279879     
   105.65791398072703        3.4462183896097005        27.217515340656245     
   105.66089482888006        3.4423002308673625        27.249139858662083     
   105.66113049771683        3.4420033745107106        27.251541642643776     
   105.66293749431308        3.4396473793445224        27.270599256821939     
   105.66472218184846        3.4373288027792603        27.289381225856584     
   58.097648505864775        1.7247899312241788        26.486785428745065     
   58.089602105063676        1.7278529355954293        26.435328225582090     
   58.101924940642419        1.7231564715892400        26.514292770306067     
   57.935003260856774        1.7906574676125970        25.424668566098092     
   58.138725768889365        1.7093436816978818        26.749365198348599     
   57.994852697060971        1.7652552278069278        25.823307922127768     
   58.060323578744843        1.7391382716589652        26.247507573860990     
   58.009430630005788        1.7593234092179755        25.918388188905023     
   58.169218816523625        1.6981106359529767        26.943673468784475     
   58.053034649277066        1.7419899216610277        26.200494042938768     
   105.55219148268847        3.6049022955915593        25.997946475265238     
   105.53527522641734        3.6366738891504524        25.767558557909805     
   105.54821999388027        3.6120360989430660        25.945820595618994     
   105.52234439330047        3.6642501320929544        25.571263058507885     
   105.51772605365103        3.6753454476716239        25.493260571851177     
   105.52092684334548        3.8233560243735978        24.512134662571643     
   105.62313422917912        3.4936271988639658        26.840784204201380     
   105.62112893616954        3.4964606617297029        26.818608636956043     
   105.57127859386298        3.5723019164098808        26.239030073751692     
   105.65246856140992        3.4534054939839205        27.159696820458173     
   105.60073332163280        3.5262483882757829        26.587804615597541     
   105.57127859386298        3.5723019164098808        26.239030073751692     
   105.61621481350960        3.5035168707811861        26.763561283675983     
   105.58719361500415        3.5468914897600796        26.430268757919624     
   105.58653313262340        3.5479213025430161        26.422461456663051     
   105.58488879437219        3.5505157099262523        26.402817905325065     
   105.59146278745892        3.5403042919030780        26.480326808815555     
   105.56919525711790        3.5757359586638851        26.213410168770370     
   105.61738402915879        3.5018342226225587        26.776667439737032     
   105.63308503977271        3.4796818025774146        26.950467992722587     
   105.54389638371754        3.6200241369838735        25.887727569198820     
   105.50674185889916        3.7075314091465188        25.270232999905087     
   105.50904707717602        3.6996154940710402        25.324624729713904     
   105.55134328057810        3.8564881687751291        24.310497577940897     
   105.49967882031164        3.7564310908881682        24.941116862956754     
   105.55219148268847        3.6049022955915593        25.997946475265238     
   58.209126592870049        1.6836699114434284        27.197678655358295     
   58.196614671230719        1.6881695605472173        27.118022702450247     
   58.188137904389805        1.6912245046424785        27.064192904986676     
   58.170279976902073        1.6977205772492410        26.950467992722587     
   58.144042832338172        1.7073772238893772        26.783184778057116     
   58.156018082141756        1.7029528147087374        26.859568016786355     
   58.160366706595411        1.7013488076378005        26.887361522311128     
   58.162769293872792        1.7004710456291343        26.902606575941427     
   58.170279976902073        1.6977205772492410        26.950467992722587     
   58.172593493769249        1.6968797294678868        26.965140854202080     
   58.196614671230719        1.6881695605472173        27.118022702450247     
   58.163719976725908        1.7001222904557798        26.908665821162909     
   58.185985144898993        1.6920083003327253        27.050426270558020     
   58.189016845998708        1.6909140683451815        27.069664550628818     
   58.214181152200148        1.6818652258814297        27.229767303380541     
   58.194519383605176        1.6889215860519069        27.104748519261072     
   58.093635383871607        1.7263100226592456        26.461214246545751     
   58.087587564690111        1.7286205979006786        26.422461456663051     
   58.133121939064594        1.7114323963655393        26.713553386717720     
   58.105441709610581        1.7218342737226311        26.536628706436250     
   170.91561574407174        5.9734739396731147        26.871976965349155     
   170.99628925728899        6.2423961456745989        25.736659023401725     
   170.95580782814940        6.1283663590137882        26.204807324068558     
   170.92475566731528        6.0133914492289469        26.696577934288904     
   170.90342898012284        5.9148885242733265        27.133792979730963     
   58.224654752290590        1.6781332987174125        27.296354215329540     
