>    -Wthicker,035/228/121
   80.0000000000000       0.100000000000000     
   80.0000000000000       0.100000000000000     
   78.0000000000000       0.100000000000000     
   78.0000000000000       9.999999999689664E-002
   76.0000000000000       9.999999999689664E-002
   76.0000000000000       9.999999999527517E-002
   74.0000000000000       9.999999999527517E-002
   74.0000000000000       9.999999999527572E-002
   72.0000000000000       9.999999999527572E-002
   72.0000000000000       9.999999998922735E-002
   70.0000000000000       9.999999998922735E-002
   70.0000000000000       9.999999998814893E-002
   68.0000000000000       9.999999998814893E-002
   68.0000000000000       9.999999998814893E-002
   66.0000000000000       9.999999998814893E-002
   66.0000000000000       0.100000000054279     
   64.0000000000000       0.100000000054279     
   64.0000000000000       9.999961979886021E-002
   62.0000000000000       9.999961979886021E-002
   62.0000000000000       9.999961981586789E-002
   60.0000000000000       9.999961981586789E-002
   60.0000000000000       9.999961909448332E-002
   58.0000000000000       9.999961909448332E-002
   58.0000000000000       9.999963174818437E-002
   56.0000000000000       9.999963174818437E-002
   56.0000000000000       9.999963170325697E-002
   54.0000000000000       9.999963170325697E-002
   54.0000000000000       9.999962725276657E-002
   52.0000000000000       9.999962725276657E-002
   52.0000000000000       9.999961863958494E-002
   50.0000000000000       9.999961863958494E-002
   50.0000000000000       0.100010039605070     
   48.0000000000000       0.100010039605070     
   48.0000000000000       0.100042633028137     
   46.0000000000000       0.100042633028137     
   46.0000000000000       0.100042612635620     
   44.0000000000000       0.100042612635620     
   44.0000000000000       0.100042612832072     
   42.0000000000000       0.100042612832072     
   42.0000000000000       0.100042606195027     
   40.0000000000000       0.100042606195027     
   40.0000000000000       0.100146190322914     
   38.0000000000000       0.100146190322914     
   38.0000000000000       0.100274572146252     
   36.0000000000000       0.100274572146252     
   36.0000000000000       9.784564163358564E-002
   34.0000000000000       9.784564163358564E-002
   34.0000000000000       9.420289100366647E-002
   32.0000000000000       9.420289100366647E-002
   32.0000000000000       9.410749794711228E-002
   30.0000000000000       9.410749794711228E-002
   30.0000000000000       9.398776457557159E-002
   28.0000000000000       9.398776457557159E-002
   28.0000000000000       9.840800616804206E-002
   26.0000000000000       9.840800616804206E-002
   26.0000000000000       0.105600666202928     
   24.0000000000000       0.105600666202928     
   24.0000000000000       0.108136946852447     
   22.0000000000000       0.108136946852447     
   22.0000000000000       0.118223327768257     
   20.0000000000000       0.118223327768257     
   20.0000000000000       0.128423857965536     
   18.0000000000000       0.128423857965536     
   18.0000000000000       0.128822611513437     
   16.0000000000000       0.128822611513437     
   16.0000000000000       0.127884135543600     
   14.0000000000000       0.127884135543600     
   14.0000000000000       0.133731452716196     
   12.0000000000000       0.133731452716196     
   12.0000000000000       0.187144800415724     
   10.0000000000000       0.187144800415724     
   10.0000000000000       0.187474027299733     
   8.00000000000000       0.187474027299733     
   8.00000000000000       0.187793558357344     
   6.00000000000000       0.187793558357344     
   6.00000000000000       0.188076774112686     
   4.00000000000000       0.188076774112686     
   4.00000000000000       0.188227857380502     
   2.00000000000000       0.188227857380502     
   2.00000000000000       0.188281334677772     
  0.000000000000000E+000  0.188281334677772     
