>    -Wthicker,234/020/088
   80.0000000000000       0.100000000000000     
   80.0000000000000       0.100010743361061     
   78.0000000000000       0.100010743361061     
   78.0000000000000       0.100081420236177     
   76.0000000000000       0.100081420236177     
   76.0000000000000       0.100081855853872     
   74.0000000000000       0.100081855853872     
   74.0000000000000       9.882238211079931E-002
   72.0000000000000       9.882238211079931E-002
   72.0000000000000       9.889019371251036E-002
   70.0000000000000       9.889019371251036E-002
   70.0000000000000       9.891012364557984E-002
   68.0000000000000       9.891012364557984E-002
   68.0000000000000       9.891602344911624E-002
   66.0000000000000       9.891602344911624E-002
   66.0000000000000       0.104672214004625     
   64.0000000000000       0.104672214004625     
   64.0000000000000       0.105064986440600     
   62.0000000000000       0.105064986440600     
   62.0000000000000       0.116308224589189     
   60.0000000000000       0.116308224589189     
   60.0000000000000       0.117559600438885     
   58.0000000000000       0.117559600438885     
   58.0000000000000       0.118577656175128     
   56.0000000000000       0.118577656175128     
   56.0000000000000       0.118405747990497     
   54.0000000000000       0.118405747990497     
   54.0000000000000       0.108102544945541     
   52.0000000000000       0.108102544945541     
   52.0000000000000       0.108421178204329     
   50.0000000000000       0.108421178204329     
   50.0000000000000       0.110886795232179     
   48.0000000000000       0.110886795232179     
   48.0000000000000       0.114332720844511     
   46.0000000000000       0.114332720844511     
   46.0000000000000       0.124434666103419     
   44.0000000000000       0.124434666103419     
   44.0000000000000       0.128486923414992     
   42.0000000000000       0.128486923414992     
   42.0000000000000       0.110432432202382     
   40.0000000000000       0.110432432202382     
   40.0000000000000       9.111828064173888E-002
   38.0000000000000       9.111828064173888E-002
   38.0000000000000       8.147912184535078E-002
   36.0000000000000       8.147912184535078E-002
   36.0000000000000       7.554750751965755E-002
   34.0000000000000       7.554750751965755E-002
   34.0000000000000       7.208243554142831E-002
   32.0000000000000       7.208243554142831E-002
   32.0000000000000       7.122994030488235E-002
   30.0000000000000       7.122994030488235E-002
   30.0000000000000       7.022977598795163E-002
   28.0000000000000       7.022977598795163E-002
   28.0000000000000       7.016816915955996E-002
   26.0000000000000       7.016816915955996E-002
   26.0000000000000       7.011325414420133E-002
   24.0000000000000       7.011325414420133E-002
   24.0000000000000       7.010006200792521E-002
   22.0000000000000       7.010006200792521E-002
   22.0000000000000       8.783945976715356E-002
   20.0000000000000       8.783945976715356E-002
   20.0000000000000       9.556200323147959E-002
   18.0000000000000       9.556200323147959E-002
   18.0000000000000       9.558212630613375E-002
   16.0000000000000       9.558212630613375E-002
   16.0000000000000       9.565445572126989E-002
   14.0000000000000       9.565445572126989E-002
   14.0000000000000       9.565924412773651E-002
   12.0000000000000       9.565924412773651E-002
   12.0000000000000       9.567668520319052E-002
   10.0000000000000       9.567668520319052E-002
   10.0000000000000       9.567964519576284E-002
   8.00000000000000       9.567964519576284E-002
   8.00000000000000       9.567985161202339E-002
   6.00000000000000       9.567985161202339E-002
   6.00000000000000       9.567985494642274E-002
   4.00000000000000       9.567985494642274E-002
   4.00000000000000       9.568003977187997E-002
   2.00000000000000       9.568003977187997E-002
   2.00000000000000       9.568227844165554E-002
  0.000000000000000E+000  9.568227844165554E-002
