>    -Wthicker,224/013/154
   80.0000000000000       0.100000000000000     
   80.0000000000000       0.100000027252468     
   78.0000000000000       0.100000027252468     
   78.0000000000000       9.999177167672843E-002
   76.0000000000000       9.999177167672843E-002
   76.0000000000000       9.998743935688072E-002
   74.0000000000000       9.998743935688072E-002
   74.0000000000000       9.998532992080099E-002
   72.0000000000000       9.998532992080099E-002
   72.0000000000000       9.996701294284493E-002
   70.0000000000000       9.996701294284493E-002
   70.0000000000000       9.996414996324261E-002
   68.0000000000000       9.996414996324261E-002
   68.0000000000000       9.996414996324265E-002
   66.0000000000000       9.996414996324265E-002
   66.0000000000000       9.997609306294991E-002
   64.0000000000000       9.997609306294991E-002
   64.0000000000000       9.999939063338747E-002
   62.0000000000000       9.999939063338747E-002
   62.0000000000000       9.999669421310851E-002
   60.0000000000000       9.999669421310851E-002
   60.0000000000000       9.909110678473219E-002
   58.0000000000000       9.909110678473219E-002
   58.0000000000000       0.136506684845566     
   56.0000000000000       0.136506684845566     
   56.0000000000000       0.136390191422993     
   54.0000000000000       0.136390191422993     
   54.0000000000000       0.136215690207059     
   52.0000000000000       0.136215690207059     
   52.0000000000000       0.129376442808493     
   50.0000000000000       0.129376442808493     
   50.0000000000000       0.105274320432347     
   48.0000000000000       0.105274320432347     
   48.0000000000000       0.102606865609484     
   46.0000000000000       0.102606865609484     
   46.0000000000000       7.515990080622513E-002
   44.0000000000000       7.515990080622513E-002
   44.0000000000000       7.293918820598269E-002
   42.0000000000000       7.293918820598269E-002
   42.0000000000000       7.011489135563445E-002
   40.0000000000000       7.011489135563445E-002
   40.0000000000000       6.738432945879141E-002
   38.0000000000000       6.738432945879141E-002
   38.0000000000000       6.846796374017246E-002
   36.0000000000000       6.846796374017246E-002
   36.0000000000000       7.043706019568416E-002
   34.0000000000000       7.043706019568416E-002
   34.0000000000000       7.044488448418802E-002
   32.0000000000000       7.044488448418802E-002
   32.0000000000000       7.098125729834555E-002
   30.0000000000000       7.098125729834555E-002
   30.0000000000000       7.237367962104517E-002
   28.0000000000000       7.237367962104517E-002
   28.0000000000000       7.241363343854143E-002
   26.0000000000000       7.241363343854143E-002
   26.0000000000000       7.285833969265421E-002
   24.0000000000000       7.285833969265421E-002
   24.0000000000000       7.320121795732873E-002
   22.0000000000000       7.320121795732873E-002
   22.0000000000000       7.299812890079467E-002
   20.0000000000000       7.299812890079467E-002
   20.0000000000000       7.299824331483602E-002
   18.0000000000000       7.299824331483602E-002
   18.0000000000000       7.330658802027509E-002
   16.0000000000000       7.330658802027509E-002
   16.0000000000000       7.375425036913659E-002
   14.0000000000000       7.375425036913659E-002
   14.0000000000000       7.378252730680734E-002
   12.0000000000000       7.378252730680734E-002
   12.0000000000000       7.390244743667192E-002
   10.0000000000000       7.390244743667192E-002
   10.0000000000000       7.399338271866757E-002
   8.00000000000000       7.399338271866757E-002
   8.00000000000000       7.399338289057611E-002
   6.00000000000000       7.399338289057611E-002
   6.00000000000000       7.399338310584824E-002
   4.00000000000000       7.399338310584824E-002
   4.00000000000000       7.399338315014103E-002
   2.00000000000000       7.399338315014103E-002
   2.00000000000000       7.399338316061682E-002
  0.000000000000000E+000  7.399338316061682E-002
