>    -Wthicker,209/214/164
   80.0000000000000       0.100000000000000     
   80.0000000000000       9.763859646427775E-002
   78.0000000000000       9.763859646427775E-002
   78.0000000000000       9.477020184851249E-002
   76.0000000000000       9.477020184851249E-002
   76.0000000000000       9.264480113573813E-002
   74.0000000000000       9.264480113573813E-002
   74.0000000000000       9.266929295635880E-002
   72.0000000000000       9.266929295635880E-002
   72.0000000000000       9.251756396874723E-002
   70.0000000000000       9.251756396874723E-002
   70.0000000000000       8.873696039866324E-002
   68.0000000000000       8.873696039866324E-002
   68.0000000000000       9.071635904042184E-002
   66.0000000000000       9.071635904042184E-002
   66.0000000000000       9.113973225505194E-002
   64.0000000000000       9.113973225505194E-002
   64.0000000000000       9.115710370381445E-002
   62.0000000000000       9.115710370381445E-002
   62.0000000000000       8.985306115219703E-002
   60.0000000000000       8.985306115219703E-002
   60.0000000000000       8.957109165302284E-002
   58.0000000000000       8.957109165302284E-002
   58.0000000000000       8.967806034470902E-002
   56.0000000000000       8.967806034470902E-002
   56.0000000000000       8.979095880761713E-002
   54.0000000000000       8.979095880761713E-002
   54.0000000000000       9.099389871094965E-002
   52.0000000000000       9.099389871094965E-002
   52.0000000000000       9.252969327775498E-002
   50.0000000000000       9.252969327775498E-002
   50.0000000000000       9.621988521514049E-002
   48.0000000000000       9.621988521514049E-002
   48.0000000000000       9.898173461267278E-002
   46.0000000000000       9.898173461267278E-002
   46.0000000000000       9.892107952843722E-002
   44.0000000000000       9.892107952843722E-002
   44.0000000000000       9.886504116026684E-002
   42.0000000000000       9.886504116026684E-002
   42.0000000000000       9.884018362179410E-002
   40.0000000000000       9.884018362179410E-002
   40.0000000000000       9.903268817276061E-002
   38.0000000000000       9.903268817276061E-002
   38.0000000000000       0.104808807950036     
   36.0000000000000       0.104808807950036     
   36.0000000000000       8.759914082996259E-002
   34.0000000000000       8.759914082996259E-002
   34.0000000000000       8.641319812636578E-002
   32.0000000000000       8.641319812636578E-002
   32.0000000000000       8.750019050195855E-002
   30.0000000000000       8.750019050195855E-002
   30.0000000000000       9.215407509977051E-002
   28.0000000000000       9.215407509977051E-002
   28.0000000000000       0.106203603245650     
   26.0000000000000       0.106203603245650     
   26.0000000000000       0.126420137660439     
   24.0000000000000       0.126420137660439     
   24.0000000000000       0.148548985044556     
   22.0000000000000       0.148548985044556     
   22.0000000000000       0.126798991986836     
   20.0000000000000       0.126798991986836     
   20.0000000000000       7.925702512777560E-002
   18.0000000000000       7.925702512777560E-002
   18.0000000000000       7.386479404925658E-002
   16.0000000000000       7.386479404925658E-002
   16.0000000000000       7.338409994580448E-002
   14.0000000000000       7.338409994580448E-002
   14.0000000000000       7.515359956266666E-002
   12.0000000000000       7.515359956266666E-002
   12.0000000000000       8.248754307828594E-002
   10.0000000000000       8.248754307828594E-002
   10.0000000000000       0.100535553516116     
   8.00000000000000       0.100535553516116     
   8.00000000000000       0.127450719231550     
   6.00000000000000       0.127450719231550     
   6.00000000000000       0.138313525295985     
   4.00000000000000       0.138313525295985     
   4.00000000000000       0.138317074524363     
   2.00000000000000       0.138317074524363     
   2.00000000000000       0.138320132179480     
  0.000000000000000E+000  0.138320132179480     
