>    -Wthicker,190/235/208
   80.0000000000000       0.100000000000000     
   80.0000000000000       9.835012932934439E-002
   78.0000000000000       9.835012932934439E-002
   78.0000000000000       9.628883682705144E-002
   76.0000000000000       9.628883682705144E-002
   76.0000000000000       9.473324194009630E-002
   74.0000000000000       9.473324194009630E-002
   74.0000000000000       9.475038554701307E-002
   72.0000000000000       9.475038554701307E-002
   72.0000000000000       9.463223522022372E-002
   70.0000000000000       9.463223522022372E-002
   70.0000000000000       9.168022145729725E-002
   68.0000000000000       9.168022145729725E-002
   68.0000000000000       9.317073422153034E-002
   66.0000000000000       9.317073422153034E-002
   66.0000000000000       9.348832780330649E-002
   64.0000000000000       9.348832780330649E-002
   64.0000000000000       9.350024838147211E-002
   62.0000000000000       9.350024838147211E-002
   62.0000000000000       9.253891709735776E-002
   60.0000000000000       9.253891709735776E-002
   60.0000000000000       9.232803429292243E-002
   58.0000000000000       9.232803429292243E-002
   58.0000000000000       9.240595505246461E-002
   56.0000000000000       9.240595505246461E-002
   56.0000000000000       9.248747522623023E-002
   54.0000000000000       9.248747522623023E-002
   54.0000000000000       9.349521607942697E-002
   52.0000000000000       9.349521607942697E-002
   52.0000000000000       9.503086932259661E-002
   50.0000000000000       9.503086932259661E-002
   50.0000000000000       0.100184113132392     
   48.0000000000000       0.100184113132392     
   48.0000000000000       0.103459291299975     
   46.0000000000000       0.103459291299975     
   46.0000000000000       0.103414511154746     
   44.0000000000000       0.103414511154746     
   44.0000000000000       0.103370008619055     
   42.0000000000000       0.103370008619055     
   42.0000000000000       0.103349371758056     
   40.0000000000000       0.103349371758056     
   40.0000000000000       0.103633733660610     
   38.0000000000000       0.103633733660610     
   38.0000000000000       0.108726287972011     
   36.0000000000000       0.108726287972011     
   36.0000000000000       9.129950824354646E-002
   34.0000000000000       9.129950824354646E-002
   34.0000000000000       9.074239119433918E-002
   32.0000000000000       9.074239119433918E-002
   32.0000000000000       9.170414628222269E-002
   30.0000000000000       9.170414628222269E-002
   30.0000000000000       9.612282421694203E-002
   28.0000000000000       9.612282421694203E-002
   28.0000000000000       0.110655889787557     
   26.0000000000000       0.110655889787557     
   26.0000000000000       0.128098776723796     
   24.0000000000000       0.128098776723796     
   24.0000000000000       0.145843240985413     
   22.0000000000000       0.145843240985413     
   22.0000000000000       0.121381723993604     
   20.0000000000000       0.121381723993604     
   20.0000000000000       7.182126858302666E-002
   18.0000000000000       7.182126858302666E-002
   18.0000000000000       6.846424113558634E-002
   16.0000000000000       6.846424113558634E-002
   16.0000000000000       6.804772855021067E-002
   14.0000000000000       6.804772855021067E-002
   14.0000000000000       6.914999059284967E-002
   12.0000000000000       6.914999059284967E-002
   12.0000000000000       7.380929798815800E-002
   10.0000000000000       7.380929798815800E-002
   10.0000000000000       8.709030172875093E-002
   8.00000000000000       8.709030172875093E-002
   8.00000000000000       0.119491250369264     
   6.00000000000000       0.119491250369264     
   6.00000000000000       0.133018877096443     
   4.00000000000000       0.133018877096443     
   4.00000000000000       0.133023147095942     
   2.00000000000000       0.133023147095942     
   2.00000000000000       0.133027028317915     
  0.000000000000000E+000  0.133027028317915     
