>    -Wthicker,127/221/042
   80.0000000000000       0.100000000000000     
   80.0000000000000       8.109924995895980E-002
   78.0000000000000       8.109924995895980E-002
   78.0000000000000       7.426126132374598E-002
   76.0000000000000       7.426126132374598E-002
   76.0000000000000       7.426126132199620E-002
   74.0000000000000       7.426126132199620E-002
   74.0000000000000       7.426126132262215E-002
   72.0000000000000       7.426126132262215E-002
   72.0000000000000       7.426126132255757E-002
   70.0000000000000       7.426126132255757E-002
   70.0000000000000       7.426125759712737E-002
   68.0000000000000       7.426125759712737E-002
   68.0000000000000       7.426123842300461E-002
   66.0000000000000       7.426123842300461E-002
   66.0000000000000       7.426123842347182E-002
   64.0000000000000       7.426123842347182E-002
   64.0000000000000       7.426123835531440E-002
   62.0000000000000       7.426123835531440E-002
   62.0000000000000       7.426123754132723E-002
   60.0000000000000       7.426123754132723E-002
   60.0000000000000       7.426204618241421E-002
   58.0000000000000       7.426204618241421E-002
   58.0000000000000       7.426377535655686E-002
   56.0000000000000       7.426377535655686E-002
   56.0000000000000       7.426541178109164E-002
   54.0000000000000       7.426541178109164E-002
   54.0000000000000       6.550715070150498E-002
   52.0000000000000       6.550715070150498E-002
   52.0000000000000       6.057855709345236E-002
   50.0000000000000       6.057855709345236E-002
   50.0000000000000       6.057838663202816E-002
   48.0000000000000       6.057838663202816E-002
   48.0000000000000       6.057789698386890E-002
   46.0000000000000       6.057789698386890E-002
   46.0000000000000       6.057255756596742E-002
   44.0000000000000       6.057255756596742E-002
   44.0000000000000       6.057188842601803E-002
   42.0000000000000       6.057188842601803E-002
   42.0000000000000       6.380896420925965E-002
   40.0000000000000       6.380896420925965E-002
   40.0000000000000       6.385926591999980E-002
   38.0000000000000       6.385926591999980E-002
   38.0000000000000       6.505267234844311E-002
   36.0000000000000       6.505267234844311E-002
   36.0000000000000       6.519251961934414E-002
   34.0000000000000       6.519251961934414E-002
   34.0000000000000       6.519206459535769E-002
   32.0000000000000       6.519206459535769E-002
   32.0000000000000       6.519163843743900E-002
   30.0000000000000       6.519163843743900E-002
   30.0000000000000       6.519159709909306E-002
   28.0000000000000       6.519159709909306E-002
   28.0000000000000       6.511977323813474E-002
   26.0000000000000       6.511977323813474E-002
   26.0000000000000       6.508395355865129E-002
   24.0000000000000       6.508395355865129E-002
   24.0000000000000       6.508367280572790E-002
   22.0000000000000       6.508367280572790E-002
   22.0000000000000       6.507669818070412E-002
   20.0000000000000       6.507669818070412E-002
   20.0000000000000       6.514518032872624E-002
   18.0000000000000       6.514518032872624E-002
   18.0000000000000       7.196186441466676E-002
   16.0000000000000       7.196186441466676E-002
   16.0000000000000       7.573141429029817E-002
   14.0000000000000       7.573141429029817E-002
   14.0000000000000       8.982465562644096E-002
   12.0000000000000       8.982465562644096E-002
   12.0000000000000       0.105807736363471     
   10.0000000000000       0.105807736363471     
   10.0000000000000       0.146968695685015     
   8.00000000000000       0.146968695685015     
   8.00000000000000       0.194602872185657     
   6.00000000000000       0.194602872185657     
   6.00000000000000       0.202662669612254     
   4.00000000000000       0.202662669612254     
   4.00000000000000       0.214987821251335     
   2.00000000000000       0.214987821251335     
   2.00000000000000       0.410456124884662     
  0.000000000000000E+000  0.410456124884662     
