>    -Wthicker,055/092/030
   80.0000000000000       0.100000000000000     
   80.0000000000000       9.999726703808974E-002
   78.0000000000000       9.999726703808974E-002
   78.0000000000000       9.999611387468145E-002
   76.0000000000000       9.999611387468145E-002
   76.0000000000000       9.999611119284646E-002
   74.0000000000000       9.999611119284646E-002
   74.0000000000000       9.999611525270120E-002
   72.0000000000000       9.999611525270120E-002
   72.0000000000000       9.999611494752052E-002
   70.0000000000000       9.999611494752052E-002
   70.0000000000000       9.994498145277311E-002
   68.0000000000000       9.994498145277311E-002
   68.0000000000000       9.968117780779928E-002
   66.0000000000000       9.968117780779928E-002
   66.0000000000000       9.968117934777503E-002
   64.0000000000000       9.968117934777503E-002
   64.0000000000000       9.968117907709063E-002
   62.0000000000000       9.968117907709063E-002
   62.0000000000000       9.967050868906317E-002
   60.0000000000000       9.967050868906317E-002
   60.0000000000000       0.100715566456010     
   58.0000000000000       0.100715566456010     
   58.0000000000000       0.103176922730979     
   56.0000000000000       0.103176922730979     
   56.0000000000000       0.105303450291738     
   54.0000000000000       0.105303450291738     
   54.0000000000000       0.105289235379390     
   52.0000000000000       0.105289235379390     
   52.0000000000000       0.105287696520252     
   50.0000000000000       0.105287696520252     
   50.0000000000000       0.105287667436085     
   48.0000000000000       0.105287667436085     
   48.0000000000000       0.104633128748439     
   46.0000000000000       0.104633128748439     
   46.0000000000000       9.942975599987179E-002
   44.0000000000000       9.942975599987179E-002
   44.0000000000000       9.817727205155813E-002
   42.0000000000000       9.817727205155813E-002
   42.0000000000000       9.807134192959327E-002
   40.0000000000000       9.807134192959327E-002
   40.0000000000000       9.735165731167196E-002
   38.0000000000000       9.735165731167196E-002
   38.0000000000000       0.102538747385890     
   36.0000000000000       0.102538747385890     
   36.0000000000000       9.298605328691421E-002
   34.0000000000000       9.298605328691421E-002
   34.0000000000000       9.022020380174157E-002
   32.0000000000000       9.022020380174157E-002
   32.0000000000000       8.379377513356051E-002
   30.0000000000000       8.379377513356051E-002
   30.0000000000000       8.315716150473436E-002
   28.0000000000000       8.315716150473436E-002
   28.0000000000000       8.226007295146322E-002
   26.0000000000000       8.226007295146322E-002
   26.0000000000000       6.895005050947768E-002
   24.0000000000000       6.895005050947768E-002
   24.0000000000000       6.564313835901743E-002
   22.0000000000000       6.564313835901743E-002
   22.0000000000000       6.151149681782644E-002
   20.0000000000000       6.151149681782644E-002
   20.0000000000000       6.107097023832901E-002
   18.0000000000000       6.107097023832901E-002
   18.0000000000000       6.533593823629601E-002
   16.0000000000000       6.533593823629601E-002
   16.0000000000000       6.720259033768505E-002
   14.0000000000000       6.720259033768505E-002
   14.0000000000000       6.738216507399382E-002
   12.0000000000000       6.738216507399382E-002
   12.0000000000000       6.908810168827660E-002
   10.0000000000000       6.908810168827660E-002
   10.0000000000000       8.400308850476816E-002
   8.00000000000000       8.400308850476816E-002
   8.00000000000000       8.748321639969908E-002
   6.00000000000000       8.748321639969908E-002
   6.00000000000000       9.751975407257694E-002
   4.00000000000000       9.751975407257694E-002
   4.00000000000000       0.301366436684786     
   2.00000000000000       0.301366436684786     
   2.00000000000000       0.364759103448286     
  0.000000000000000E+000  0.364759103448286     
