>    -Wthicker,070/095/124
   80.0000000000000       0.100000000000000     
   80.0000000000000       9.999977622506784E-002
   78.0000000000000       9.999977622506784E-002
   78.0000000000000       9.999957335135591E-002
   76.0000000000000       9.999957335135591E-002
   76.0000000000000       9.999951193039566E-002
   74.0000000000000       9.999951193039566E-002
   74.0000000000000       9.999963930069944E-002
   72.0000000000000       9.999963930069944E-002
   72.0000000000000       9.999963146773605E-002
   70.0000000000000       9.999963146773605E-002
   70.0000000000000       9.886388403290958E-002
   68.0000000000000       9.886388403290958E-002
   68.0000000000000       9.319765307505642E-002
   66.0000000000000       9.319765307505642E-002
   66.0000000000000       9.319769219133123E-002
   64.0000000000000       9.319769219133123E-002
   64.0000000000000       9.319769438891377E-002
   62.0000000000000       9.319769438891377E-002
   62.0000000000000       9.298426965697272E-002
   60.0000000000000       9.298426965697272E-002
   60.0000000000000       8.927424443750928E-002
   58.0000000000000       8.927424443750928E-002
   58.0000000000000       8.934472032148340E-002
   56.0000000000000       8.934472032148340E-002
   56.0000000000000       8.928532085694724E-002
   54.0000000000000       8.928532085694724E-002
   54.0000000000000       8.905721828795896E-002
   52.0000000000000       8.905721828795896E-002
   52.0000000000000       8.905774264341500E-002
   50.0000000000000       8.905774264341500E-002
   50.0000000000000       8.905812631751302E-002
   48.0000000000000       8.905812631751302E-002
   48.0000000000000       8.904067607016443E-002
   46.0000000000000       8.904067607016443E-002
   46.0000000000000       8.889157372721890E-002
   44.0000000000000       8.889157372721890E-002
   44.0000000000000       8.574627270541117E-002
   42.0000000000000       8.574627270541117E-002
   42.0000000000000       8.778811077429283E-002
   40.0000000000000       8.778811077429283E-002
   40.0000000000000       8.893435730118511E-002
   38.0000000000000       8.893435730118511E-002
   38.0000000000000       8.892866464621671E-002
   36.0000000000000       8.892866464621671E-002
   36.0000000000000       7.783578805294991E-002
   34.0000000000000       7.783578805294991E-002
   34.0000000000000       7.511442636830887E-002
   32.0000000000000       7.511442636830887E-002
   32.0000000000000       7.344773275146169E-002
   30.0000000000000       7.344773275146169E-002
   30.0000000000000       7.284053124826850E-002
   28.0000000000000       7.284053124826850E-002
   28.0000000000000       6.956640652925804E-002
   26.0000000000000       6.956640652925804E-002
   26.0000000000000       6.615857206338176E-002
   24.0000000000000       6.615857206338176E-002
   24.0000000000000       6.535705110497077E-002
   22.0000000000000       6.535705110497077E-002
   22.0000000000000       6.925274641165587E-002
   20.0000000000000       6.925274641165587E-002
   20.0000000000000       6.889934128415716E-002
   18.0000000000000       6.889934128415716E-002
   18.0000000000000       6.313214156855416E-002
   16.0000000000000       6.313214156855416E-002
   16.0000000000000       8.005904750336022E-002
   14.0000000000000       8.005904750336022E-002
   14.0000000000000       8.835557767292276E-002
   12.0000000000000       8.835557767292276E-002
   12.0000000000000       9.333565983031093E-002
   10.0000000000000       9.333565983031093E-002
   10.0000000000000       0.119193011741841     
   8.00000000000000       0.119193011741841     
   8.00000000000000       0.119387856879911     
   6.00000000000000       0.119387856879911     
   6.00000000000000       0.129393303599861     
   4.00000000000000       0.129393303599861     
   4.00000000000000       0.141046303554098     
   2.00000000000000       0.141046303554098     
   2.00000000000000       0.142524421290796     
  0.000000000000000E+000  0.142524421290796     
