>    -Wthicker,208/032/144
   80.0000000000000       0.100000000000000     
   80.0000000000000       0.100002570613283     
   78.0000000000000       0.100002570613283     
   78.0000000000000       9.999163401774958E-002
   76.0000000000000       9.999163401774958E-002
   76.0000000000000       9.998614934051028E-002
   74.0000000000000       9.998614934051028E-002
   74.0000000000000       9.988772685016853E-002
   72.0000000000000       9.988772685016853E-002
   72.0000000000000       9.944973921905288E-002
   70.0000000000000       9.944973921905288E-002
   70.0000000000000       9.939700545648689E-002
   68.0000000000000       9.939700545648689E-002
   68.0000000000000       9.937036118443208E-002
   66.0000000000000       9.937036118443208E-002
   66.0000000000000       9.930032109036528E-002
   64.0000000000000       9.930032109036528E-002
   64.0000000000000       9.928654798926173E-002
   62.0000000000000       9.928654798926173E-002
   62.0000000000000       9.926672761736904E-002
   60.0000000000000       9.926672761736904E-002
   60.0000000000000       9.923906705943640E-002
   58.0000000000000       9.923906705943640E-002
   58.0000000000000       9.921792604969894E-002
   56.0000000000000       9.921792604969894E-002
   56.0000000000000       9.921817317035440E-002
   54.0000000000000       9.921817317035440E-002
   54.0000000000000       9.917697105042417E-002
   52.0000000000000       9.917697105042417E-002
   52.0000000000000       9.916675996141562E-002
   50.0000000000000       9.916675996141562E-002
   50.0000000000000       9.916143120600403E-002
   48.0000000000000       9.916143120600403E-002
   48.0000000000000       9.916163385003068E-002
   46.0000000000000       9.916163385003068E-002
   46.0000000000000       9.913319128069123E-002
   44.0000000000000       9.913319128069123E-002
   44.0000000000000       9.900524420223020E-002
   42.0000000000000       9.900524420223020E-002
   42.0000000000000       9.900442101332645E-002
   40.0000000000000       9.900442101332645E-002
   40.0000000000000       9.899854576151977E-002
   38.0000000000000       9.899854576151977E-002
   38.0000000000000       9.906642497481764E-002
   36.0000000000000       9.906642497481764E-002
   36.0000000000000       9.933949170929790E-002
   34.0000000000000       9.933949170929790E-002
   34.0000000000000       0.100011101766553     
   32.0000000000000       0.100011101766553     
   32.0000000000000       0.100088541614102     
   30.0000000000000       0.100088541614102     
   30.0000000000000       0.100512035766200     
   28.0000000000000       0.100512035766200     
   28.0000000000000       0.100664234938902     
   26.0000000000000       0.100664234938902     
   26.0000000000000       0.100663917822847     
   24.0000000000000       0.100663917822847     
   24.0000000000000       0.108350354354339     
   22.0000000000000       0.108350354354339     
   22.0000000000000       0.105397644322936     
   20.0000000000000       0.105397644322936     
   20.0000000000000       0.117908437647279     
   18.0000000000000       0.117908437647279     
   18.0000000000000       0.145643537126841     
   16.0000000000000       0.145643537126841     
   16.0000000000000       0.149986626206484     
   14.0000000000000       0.149986626206484     
   14.0000000000000       0.181487848351807     
   12.0000000000000       0.181487848351807     
   12.0000000000000       0.183138428963489     
   10.0000000000000       0.183138428963489     
   10.0000000000000       0.184764581306932     
   8.00000000000000       0.184764581306932     
   8.00000000000000       0.185186339965709     
   6.00000000000000       0.185186339965709     
   6.00000000000000       0.185574360183661     
   4.00000000000000       0.185574360183661     
   4.00000000000000       0.188196838773168     
   2.00000000000000       0.188196838773168     
   2.00000000000000       0.207332071783538     
  0.000000000000000E+000  0.207332071783538     
