>    -Wthicker,093/244/105
   80.0000000000000       0.100000000000000     
   80.0000000000000       9.773913306713045E-002
   78.0000000000000       9.773913306713045E-002
   78.0000000000000       9.680386683796778E-002
   76.0000000000000       9.680386683796778E-002
   76.0000000000000       9.680386683349140E-002
   74.0000000000000       9.680386683349140E-002
   74.0000000000000       9.680386683683342E-002
   72.0000000000000       9.680386683683342E-002
   72.0000000000000       9.680386683643512E-002
   70.0000000000000       9.680386683643512E-002
   70.0000000000000       9.680383192530341E-002
   68.0000000000000       9.680383192530341E-002
   68.0000000000000       9.680365157228939E-002
   66.0000000000000       9.680365157228939E-002
   66.0000000000000       9.680365157416798E-002
   64.0000000000000       9.680365157416798E-002
   64.0000000000000       9.680365153911188E-002
   62.0000000000000       9.680365153911188E-002
   62.0000000000000       9.680364421571842E-002
   60.0000000000000       9.680364421571842E-002
   60.0000000000000       9.681254361179663E-002
   58.0000000000000       9.681254361179663E-002
   58.0000000000000       9.683126397602321E-002
   56.0000000000000       9.683126397602321E-002
   56.0000000000000       9.684883373137217E-002
   54.0000000000000       9.684883373137217E-002
   54.0000000000000       9.503294082811638E-002
   52.0000000000000       9.503294082811638E-002
   52.0000000000000       9.391716969807121E-002
   50.0000000000000       9.391716969807121E-002
   50.0000000000000       9.391394989399403E-002
   48.0000000000000       9.391394989399403E-002
   48.0000000000000       9.390821434255517E-002
   46.0000000000000       9.390821434255517E-002
   46.0000000000000       9.384953860001556E-002
   44.0000000000000       9.384953860001556E-002
   44.0000000000000       9.383776765714931E-002
   42.0000000000000       9.383776765714931E-002
   42.0000000000000       9.407786773264508E-002
   40.0000000000000       9.407786773264508E-002
   40.0000000000000       9.400825319388466E-002
   38.0000000000000       9.400825319388466E-002
   38.0000000000000       9.425439996214398E-002
   36.0000000000000       9.425439996214398E-002
   36.0000000000000       9.423391744700871E-002
   34.0000000000000       9.423391744700871E-002
   34.0000000000000       9.422703024068160E-002
   32.0000000000000       9.422703024068160E-002
   32.0000000000000       9.422203041850502E-002
   30.0000000000000       9.422203041850502E-002
   30.0000000000000       9.422152636624476E-002
   28.0000000000000       9.422152636624476E-002
   28.0000000000000       9.412876010751692E-002
   26.0000000000000       9.412876010751692E-002
   26.0000000000000       9.407073690715191E-002
   24.0000000000000       9.407073690715191E-002
   24.0000000000000       9.406742791976633E-002
   22.0000000000000       9.406742791976633E-002
   22.0000000000000       9.398307933234681E-002
   20.0000000000000       9.398307933234681E-002
   20.0000000000000       9.405080751233856E-002
   18.0000000000000       9.405080751233856E-002
   18.0000000000000       9.524774892466810E-002
   16.0000000000000       9.524774892466810E-002
   16.0000000000000       9.555501449357394E-002
   14.0000000000000       9.555501449357394E-002
   14.0000000000000       9.674555631084449E-002
   12.0000000000000       9.674555631084449E-002
   12.0000000000000       0.101037492349481     
   10.0000000000000       0.101037492349481     
   10.0000000000000       0.106830015832210     
   8.00000000000000       0.106830015832210     
   8.00000000000000       0.119513813780773     
   6.00000000000000       0.119513813780773     
   6.00000000000000       0.148273265847882     
   4.00000000000000       0.148273265847882     
   4.00000000000000       0.166389190007880     
   2.00000000000000       0.166389190007880     
   2.00000000000000        1.44961737707769     
  0.000000000000000E+000   1.44961737707769     
