>    -Wthicker,091/041/063
   80.0000000000000       0.100000000000000     
   80.0000000000000       0.100000168068015     
   78.0000000000000       0.100000168068015     
   78.0000000000000       0.100007589031937     
   76.0000000000000       0.100007589031937     
   76.0000000000000       0.100031608476438     
   74.0000000000000       0.100031608476438     
   74.0000000000000       0.100005390409263     
   72.0000000000000       0.100005390409263     
   72.0000000000000       0.100008210246018     
   70.0000000000000       0.100008210246018     
   70.0000000000000       0.100116054930783     
   68.0000000000000       0.100116054930783     
   68.0000000000000       0.100147997847947     
   66.0000000000000       0.100147997847947     
   66.0000000000000       0.100074392310143     
   64.0000000000000       0.100074392310143     
   64.0000000000000       9.981750962379328E-002
   62.0000000000000       9.981750962379328E-002
   62.0000000000000       9.634132138322077E-002
   60.0000000000000       9.634132138322077E-002
   60.0000000000000       0.102348396384010     
   58.0000000000000       0.102348396384010     
   58.0000000000000       9.896569745772690E-002
   56.0000000000000       9.896569745772690E-002
   56.0000000000000       8.752000438471602E-002
   54.0000000000000       8.752000438471602E-002
   54.0000000000000       8.737527995559989E-002
   52.0000000000000       8.737527995559989E-002
   52.0000000000000       8.855732481228318E-002
   50.0000000000000       8.855732481228318E-002
   50.0000000000000       9.080392677295447E-002
   48.0000000000000       9.080392677295447E-002
   48.0000000000000       9.048327034986596E-002
   46.0000000000000       9.048327034986596E-002
   46.0000000000000       9.599012664686475E-002
   44.0000000000000       9.599012664686475E-002
   44.0000000000000       0.105803079212958     
   42.0000000000000       0.105803079212958     
   42.0000000000000       0.105779021514857     
   40.0000000000000       0.105779021514857     
   40.0000000000000       0.107104317322779     
   38.0000000000000       0.107104317322779     
   38.0000000000000       0.102378272058754     
   36.0000000000000       0.102378272058754     
   36.0000000000000       8.128130102603229E-002
   34.0000000000000       8.128130102603229E-002
   34.0000000000000       9.544017447492274E-002
   32.0000000000000       9.544017447492274E-002
   32.0000000000000       8.987960647767779E-002
   30.0000000000000       8.987960647767779E-002
   30.0000000000000       9.836885576202078E-002
   28.0000000000000       9.836885576202078E-002
   28.0000000000000       9.836583336987527E-002
   26.0000000000000       9.836583336987527E-002
   26.0000000000000       9.836303006612328E-002
   24.0000000000000       9.836303006612328E-002
   24.0000000000000       9.836357627113711E-002
   22.0000000000000       9.836357627113711E-002
   22.0000000000000       9.897202594136732E-002
   20.0000000000000       9.897202594136732E-002
   20.0000000000000       9.960827943548753E-002
   18.0000000000000       9.960827943548753E-002
   18.0000000000000       9.970017196299234E-002
   16.0000000000000       9.970017196299234E-002
   16.0000000000000       0.100029284864864     
   14.0000000000000       0.100029284864864     
   14.0000000000000       0.100030527541680     
   12.0000000000000       0.100030527541680     
   12.0000000000000       0.100031234984191     
   10.0000000000000       0.100031234984191     
   10.0000000000000       0.100033680679679     
   8.00000000000000       0.100033680679679     
   8.00000000000000       0.100033858990554     
   6.00000000000000       0.100033858990554     
   6.00000000000000       0.100033869501327     
   4.00000000000000       0.100033869501327     
   4.00000000000000       0.100034094444884     
   2.00000000000000       0.100034094444884     
   2.00000000000000       0.100036654003791     
  0.000000000000000E+000  0.100036654003791     
