>    -Wthicker,148/198/114
   80.0000000000000       0.100000000000000     
   80.0000000000000       9.999981318620925E-002
   78.0000000000000       9.999981318620925E-002
   78.0000000000000       9.999973463912951E-002
   76.0000000000000       9.999973463912951E-002
   76.0000000000000       9.999973463912951E-002
   74.0000000000000       9.999973463912951E-002
   74.0000000000000       9.999973463912951E-002
   72.0000000000000       9.999973463912951E-002
   72.0000000000000       9.999973463912951E-002
   70.0000000000000       9.999973463912951E-002
   70.0000000000000       9.999973463913443E-002
   68.0000000000000       9.999973463913443E-002
   68.0000000000000       9.999973463915944E-002
   66.0000000000000       9.999973463915944E-002
   66.0000000000000       9.999973463915944E-002
   64.0000000000000       9.999973463915944E-002
   64.0000000000000       9.999973463915948E-002
   62.0000000000000       9.999973463915948E-002
   62.0000000000000       9.999973463916081E-002
   60.0000000000000       9.999973463916081E-002
   60.0000000000000       9.999973465781527E-002
   58.0000000000000       9.999973465781527E-002
   58.0000000000000       9.999973469645719E-002
   56.0000000000000       9.999973469645719E-002
   56.0000000000000       9.999973473275828E-002
   54.0000000000000       9.999973473275828E-002
   54.0000000000000       9.999955609068274E-002
   52.0000000000000       9.999955609068274E-002
   52.0000000000000       9.999944071841133E-002
   50.0000000000000       9.999944071841133E-002
   50.0000000000000       9.999943772139143E-002
   48.0000000000000       9.999943772139143E-002
   48.0000000000000       9.999933663655357E-002
   46.0000000000000       9.999933663655357E-002
   46.0000000000000       9.999757814556692E-002
   44.0000000000000       9.999757814556692E-002
   44.0000000000000       9.999756436758982E-002
   42.0000000000000       9.999756436758982E-002
   42.0000000000000       9.999756648865360E-002
   40.0000000000000       9.999756648865360E-002
   40.0000000000000       9.999756662753548E-002
   38.0000000000000       9.999756662753548E-002
   38.0000000000000       9.999758273133937E-002
   36.0000000000000       9.999758273133937E-002
   36.0000000000000       9.999758454084491E-002
   34.0000000000000       9.999758454084491E-002
   34.0000000000000       9.999758452194804E-002
   32.0000000000000       9.999758452194804E-002
   32.0000000000000       9.999758451190262E-002
   30.0000000000000       9.999758451190262E-002
   30.0000000000000       9.999758451094559E-002
   28.0000000000000       9.999758451094559E-002
   28.0000000000000       9.999758419343360E-002
   26.0000000000000       9.999758419343360E-002
   26.0000000000000       9.999758401251226E-002
   24.0000000000000       9.999758401251226E-002
   24.0000000000000       9.999758400582821E-002
   22.0000000000000       9.999758400582821E-002
   22.0000000000000       9.791813321475970E-002
   20.0000000000000       9.791813321475970E-002
   20.0000000000000       9.723865749427692E-002
   18.0000000000000       9.723865749427692E-002
   18.0000000000000       9.725481075423387E-002
   16.0000000000000       9.725481075423387E-002
   16.0000000000000       9.923958962850130E-002
   14.0000000000000       9.923958962850130E-002
   14.0000000000000       0.101808648168879     
   12.0000000000000       0.101808648168879     
   12.0000000000000       0.100230657781595     
   10.0000000000000       0.100230657781595     
   10.0000000000000       0.122256744486005     
   8.00000000000000       0.122256744486005     
   8.00000000000000       0.190187134394088     
   6.00000000000000       0.190187134394088     
   6.00000000000000       0.295656806812187     
   4.00000000000000       0.295656806812187     
   4.00000000000000       0.318152967703325     
   2.00000000000000       0.318152967703325     
   2.00000000000000       0.356668944577011     
  0.000000000000000E+000  0.356668944577011     
