>    -Wthicker,222/090/002
   80.0000000000000       0.100000000000000     
   80.0000000000000       9.999998406046084E-002
   78.0000000000000       9.999998406046084E-002
   78.0000000000000       9.999996181632270E-002
   76.0000000000000       9.999996181632270E-002
   76.0000000000000       9.999995508362124E-002
   74.0000000000000       9.999995508362124E-002
   74.0000000000000       9.999995305058119E-002
   72.0000000000000       9.999995305058119E-002
   72.0000000000000       9.999995157560540E-002
   70.0000000000000       9.999995157560540E-002
   70.0000000000000       9.999994137096821E-002
   68.0000000000000       9.999994137096821E-002
   68.0000000000000       9.999993392051004E-002
   66.0000000000000       9.999993392051004E-002
   66.0000000000000       9.999993484455272E-002
   64.0000000000000       9.999993484455272E-002
   64.0000000000000       9.982709515919820E-002
   62.0000000000000       9.982709515919820E-002
   62.0000000000000       9.969060237795709E-002
   60.0000000000000       9.969060237795709E-002
   60.0000000000000       9.388203353477304E-002
   58.0000000000000       9.388203353477304E-002
   58.0000000000000       8.282332420287210E-002
   56.0000000000000       8.282332420287210E-002
   56.0000000000000       8.282333055105104E-002
   54.0000000000000       8.282333055105104E-002
   54.0000000000000       8.282332871603407E-002
   52.0000000000000       8.282332871603407E-002
   52.0000000000000       8.282333416692772E-002
   50.0000000000000       8.282333416692772E-002
   50.0000000000000       8.282334518974714E-002
   48.0000000000000       8.282334518974714E-002
   48.0000000000000       8.091556396317549E-002
   46.0000000000000       8.091556396317549E-002
   46.0000000000000       5.692675710922963E-002
   44.0000000000000       5.692675710922963E-002
   44.0000000000000       5.692668868761636E-002
   42.0000000000000       5.692668868761636E-002
   42.0000000000000       5.692669317569144E-002
   40.0000000000000       5.692669317569144E-002
   40.0000000000000       5.692669266352074E-002
   38.0000000000000       5.692669266352074E-002
   38.0000000000000       5.692672656759607E-002
   36.0000000000000       5.692672656759607E-002
   36.0000000000000       5.692680191389243E-002
   34.0000000000000       5.692680191389243E-002
   34.0000000000000       5.692679901745889E-002
   32.0000000000000       5.692679901745889E-002
   32.0000000000000       5.692681880763929E-002
   30.0000000000000       5.692681880763929E-002
   30.0000000000000       5.692684550569364E-002
   28.0000000000000       5.692684550569364E-002
   28.0000000000000       5.692674445133974E-002
   26.0000000000000       5.692674445133974E-002
   26.0000000000000       5.692666907298934E-002
   24.0000000000000       5.692666907298934E-002
   24.0000000000000       5.692668442099587E-002
   22.0000000000000       5.692668442099587E-002
   22.0000000000000       5.692693929437509E-002
   20.0000000000000       5.692693929437509E-002
   20.0000000000000       5.692730104803895E-002
   18.0000000000000       5.692730104803895E-002
   18.0000000000000       5.692776470317782E-002
   16.0000000000000       5.692776470317782E-002
   16.0000000000000       5.692782709236387E-002
   14.0000000000000       5.692782709236387E-002
   14.0000000000000       5.692864340019162E-002
   12.0000000000000       5.692864340019162E-002
   12.0000000000000       5.692960350645677E-002
   10.0000000000000       5.692960350645677E-002
   10.0000000000000       5.692978458245132E-002
   8.00000000000000       5.692978458245132E-002
   8.00000000000000       5.693001584900274E-002
   6.00000000000000       5.693001584900274E-002
   6.00000000000000       5.734861237743080E-002
   4.00000000000000       5.734861237743080E-002
   4.00000000000000       5.807433617651774E-002
   2.00000000000000       5.807433617651774E-002
   2.00000000000000       5.817705146550424E-002
  0.000000000000000E+000  5.817705146550424E-002
