>    -Wthicker,211/251/199
   80.0000000000000       0.100000000000000     
   80.0000000000000       9.933348215885139E-002
   78.0000000000000       9.933348215885139E-002
   78.0000000000000       9.879828024454305E-002
   76.0000000000000       9.879828024454305E-002
   76.0000000000000       9.784347231154544E-002
   74.0000000000000       9.784347231154544E-002
   74.0000000000000       9.022798155045443E-002
   72.0000000000000       9.022798155045443E-002
   72.0000000000000       8.612913013078841E-002
   70.0000000000000       8.612913013078841E-002
   70.0000000000000       8.630062193191285E-002
   68.0000000000000       8.630062193191285E-002
   68.0000000000000       8.467170031702234E-002
   66.0000000000000       8.467170031702234E-002
   66.0000000000000       8.031518587901600E-002
   64.0000000000000       8.031518587901600E-002
   64.0000000000000       7.929253890586048E-002
   62.0000000000000       7.929253890586048E-002
   62.0000000000000       7.829416191723067E-002
   60.0000000000000       7.829416191723067E-002
   60.0000000000000       7.535337776445504E-002
   58.0000000000000       7.535337776445504E-002
   58.0000000000000       5.888154816222295E-002
   56.0000000000000       5.888154816222295E-002
   56.0000000000000       5.892865566478223E-002
   54.0000000000000       5.892865566478223E-002
   54.0000000000000       5.864146493937722E-002
   52.0000000000000       5.864146493937722E-002
   52.0000000000000       5.833215419360915E-002
   50.0000000000000       5.833215419360915E-002
   50.0000000000000       5.805017460912778E-002
   48.0000000000000       5.805017460912778E-002
   48.0000000000000       5.864765963048691E-002
   46.0000000000000       5.864765963048691E-002
   46.0000000000000       5.982802049262385E-002
   44.0000000000000       5.982802049262385E-002
   44.0000000000000       5.981741952221706E-002
   42.0000000000000       5.981741952221706E-002
   42.0000000000000       5.981745912964935E-002
   40.0000000000000       5.981745912964935E-002
   40.0000000000000       5.981745729732814E-002
   38.0000000000000       5.981745729732814E-002
   38.0000000000000       6.009469987222987E-002
   36.0000000000000       6.009469987222987E-002
   36.0000000000000       6.087096387608276E-002
   34.0000000000000       6.087096387608276E-002
   34.0000000000000       6.087124172238696E-002
   32.0000000000000       6.087124172238696E-002
   32.0000000000000       6.096949560715277E-002
   30.0000000000000       6.096949560715277E-002
   30.0000000000000       6.148691436319337E-002
   28.0000000000000       6.148691436319337E-002
   28.0000000000000       6.167944737437393E-002
   26.0000000000000       6.167944737437393E-002
   26.0000000000000       6.165996509287881E-002
   24.0000000000000       6.165996509287881E-002
   24.0000000000000       6.557207000641316E-002
   22.0000000000000       6.557207000641316E-002
   22.0000000000000       6.566350826785376E-002
   20.0000000000000       6.566350826785376E-002
   20.0000000000000       6.816048386030003E-002
   18.0000000000000       6.816048386030003E-002
   18.0000000000000       7.528378720664348E-002
   16.0000000000000       7.528378720664348E-002
   16.0000000000000       7.749388884801799E-002
   14.0000000000000       7.749388884801799E-002
   14.0000000000000       5.976863842441927E-002
   12.0000000000000       5.976863842441927E-002
   12.0000000000000       5.640036534877075E-002
   10.0000000000000       5.640036534877075E-002
   10.0000000000000       6.055951845301095E-002
   8.00000000000000       6.055951845301095E-002
   8.00000000000000       5.619133156446945E-002
   6.00000000000000       5.619133156446945E-002
   6.00000000000000       0.108141136946569     
   4.00000000000000       0.108141136946569     
   4.00000000000000       0.503483999816607     
   2.00000000000000       0.503483999816607     
   2.00000000000000        1.39526698923253     
  0.000000000000000E+000   1.39526698923253     
