>    -Wthicker,215/182/054
   80.0000000000000       0.100000000000000     
   80.0000000000000       9.951901434486429E-002
   78.0000000000000       9.951901434486429E-002
   78.0000000000000       9.858143769261002E-002
   76.0000000000000       9.858143769261002E-002
   76.0000000000000       9.785591204853372E-002
   74.0000000000000       9.785591204853372E-002
   74.0000000000000       9.806052164572510E-002
   72.0000000000000       9.806052164572510E-002
   72.0000000000000       9.802388599521994E-002
   70.0000000000000       9.802388599521994E-002
   70.0000000000000       9.719450785709170E-002
   68.0000000000000       9.719450785709170E-002
   68.0000000000000       9.837644746609479E-002
   66.0000000000000       9.837644746609479E-002
   66.0000000000000       9.863902431159632E-002
   64.0000000000000       9.863902431159632E-002
   64.0000000000000       9.866834702817392E-002
   62.0000000000000       9.866834702817392E-002
   62.0000000000000       9.745994283679162E-002
   60.0000000000000       9.745994283679162E-002
   60.0000000000000       9.732205008159164E-002
   58.0000000000000       9.732205008159164E-002
   58.0000000000000       9.747582563046767E-002
   56.0000000000000       9.747582563046767E-002
   56.0000000000000       9.763564596044087E-002
   54.0000000000000       9.763564596044087E-002
   54.0000000000000       9.877279057029720E-002
   52.0000000000000       9.877279057029720E-002
   52.0000000000000       0.100188913128723     
   50.0000000000000       0.100188913128723     
   50.0000000000000       0.102068731774199     
   48.0000000000000       0.102068731774199     
   48.0000000000000       0.107451621907222     
   46.0000000000000       0.107451621907222     
   46.0000000000000       0.107357704630223     
   44.0000000000000       0.107357704630223     
   44.0000000000000       0.107290686961280     
   42.0000000000000       0.107290686961280     
   42.0000000000000       0.107271752410831     
   40.0000000000000       0.107271752410831     
   40.0000000000000       0.102184011537442     
   38.0000000000000       0.102184011537442     
   38.0000000000000       0.103093553285512     
   36.0000000000000       0.103093553285512     
   36.0000000000000       9.807720552283652E-002
   34.0000000000000       9.807720552283652E-002
   34.0000000000000       0.101307691736187     
   32.0000000000000       0.101307691736187     
   32.0000000000000       0.119867868099265     
   30.0000000000000       0.119867868099265     
   30.0000000000000       0.126334340051835     
   28.0000000000000       0.126334340051835     
   28.0000000000000       0.135311187565281     
   26.0000000000000       0.135311187565281     
   26.0000000000000       0.122782202194298     
   24.0000000000000       0.122782202194298     
   24.0000000000000       0.130724561197267     
   22.0000000000000       0.130724561197267     
   22.0000000000000       0.127500528806360     
   20.0000000000000       0.127500528806360     
   20.0000000000000       0.109858030566509     
   18.0000000000000       0.109858030566509     
   18.0000000000000       0.106516089752945     
   16.0000000000000       0.106516089752945     
   16.0000000000000       0.106208050091410     
   14.0000000000000       0.106208050091410     
   14.0000000000000       0.107299643211054     
   12.0000000000000       0.107299643211054     
   12.0000000000000       0.130120026908901     
   10.0000000000000       0.130120026908901     
   10.0000000000000       0.136766384414400     
   8.00000000000000       0.136766384414400     
   8.00000000000000       0.144865203007648     
   6.00000000000000       0.144865203007648     
   6.00000000000000       0.148041019259565     
   4.00000000000000       0.148041019259565     
   4.00000000000000       0.148044144563755     
   2.00000000000000       0.148044144563755     
   2.00000000000000       0.148045196073423     
  0.000000000000000E+000  0.148045196073423     
