>    -Wthicker,139/126/055
   80.0000000000000       0.100000000000000     
   80.0000000000000       9.999564892974563E-002
   78.0000000000000       9.999564892974563E-002
   78.0000000000000       9.999381954791872E-002
   76.0000000000000       9.999381954791872E-002
   76.0000000000000       9.999381954791872E-002
   74.0000000000000       9.999381954791872E-002
   74.0000000000000       9.999381954791872E-002
   72.0000000000000       9.999381954791872E-002
   72.0000000000000       9.999381954791872E-002
   70.0000000000000       9.999381954791872E-002
   70.0000000000000       9.999381953419210E-002
   68.0000000000000       9.999381953419210E-002
   68.0000000000000       9.999381946326830E-002
   66.0000000000000       9.999381946326830E-002
   66.0000000000000       9.999381946326830E-002
   64.0000000000000       9.999381946326830E-002
   64.0000000000000       9.999381946326971E-002
   62.0000000000000       9.999381946326971E-002
   62.0000000000000       9.999381946037780E-002
   60.0000000000000       9.999381946037780E-002
   60.0000000000000       9.999382206520213E-002
   58.0000000000000       9.999382206520213E-002
   58.0000000000000       9.999382757994396E-002
   56.0000000000000       9.999382757994396E-002
   56.0000000000000       9.999383275334482E-002
   54.0000000000000       9.999383275334482E-002
   54.0000000000000       9.998948848523273E-002
   52.0000000000000       9.998948848523273E-002
   52.0000000000000       9.998549967817352E-002
   50.0000000000000       9.998549967817352E-002
   50.0000000000000       9.998464192615833E-002
   48.0000000000000       9.998464192615833E-002
   48.0000000000000       9.995173280094602E-002
   46.0000000000000       9.995173280094602E-002
   46.0000000000000       9.938094888291114E-002
   44.0000000000000       9.938094888291114E-002
   44.0000000000000       9.937688590873733E-002
   42.0000000000000       9.937688590873733E-002
   42.0000000000000       9.937045038298263E-002
   40.0000000000000       9.937045038298263E-002
   40.0000000000000       9.937041388352405E-002
   38.0000000000000       9.937041388352405E-002
   38.0000000000000       9.937079838726987E-002
   36.0000000000000       9.937079838726987E-002
   36.0000000000000       9.937082714604484E-002
   34.0000000000000       9.937082714604484E-002
   34.0000000000000       9.937082351197915E-002
   32.0000000000000       9.937082351197915E-002
   32.0000000000000       9.937082198910840E-002
   30.0000000000000       9.937082198910840E-002
   30.0000000000000       9.937082183512082E-002
   28.0000000000000       9.937082183512082E-002
   28.0000000000000       9.937080918062634E-002
   26.0000000000000       9.937080918062634E-002
   26.0000000000000       9.937079859290186E-002
   24.0000000000000       9.937079859290186E-002
   24.0000000000000       9.937079759517913E-002
   22.0000000000000       9.937079759517913E-002
   22.0000000000000       9.931214103908566E-002
   20.0000000000000       9.931214103908566E-002
   20.0000000000000       9.929802466667585E-002
   18.0000000000000       9.929802466667585E-002
   18.0000000000000       9.936348187402361E-002
   16.0000000000000       9.936348187402361E-002
   16.0000000000000       9.943719875634902E-002
   14.0000000000000       9.943719875634902E-002
   14.0000000000000       0.101652698722924     
   12.0000000000000       0.101652698722924     
   12.0000000000000       0.103158572366511     
   10.0000000000000       0.103158572366511     
   10.0000000000000       0.105290516331413     
   8.00000000000000       0.105290516331413     
   8.00000000000000       0.119561385926029     
   6.00000000000000       0.119561385926029     
   6.00000000000000       0.265678984740974     
   4.00000000000000       0.265678984740974     
   4.00000000000000       0.624656324816123     
   2.00000000000000       0.624656324816123     
   2.00000000000000       0.856417037631687     
  0.000000000000000E+000  0.856417037631687     
