>    -Wthicker,161/150/056
   80.0000000000000       0.100000000000000     
   80.0000000000000       9.999998433145590E-002
   78.0000000000000       9.999998433145590E-002
   78.0000000000000       9.999995941673369E-002
   76.0000000000000       9.999995941673369E-002
   76.0000000000000       9.999993894530311E-002
   74.0000000000000       9.999993894530311E-002
   74.0000000000000       9.999992895454506E-002
   72.0000000000000       9.999992895454506E-002
   72.0000000000000       9.999992301841586E-002
   70.0000000000000       9.999992301841586E-002
   70.0000000000000       9.999989093552850E-002
   68.0000000000000       9.999989093552850E-002
   68.0000000000000       9.999990417417697E-002
   66.0000000000000       9.999990417417697E-002
   66.0000000000000       9.999990550627640E-002
   64.0000000000000       9.999990550627640E-002
   64.0000000000000       9.820606593448525E-002
   62.0000000000000       9.820606593448525E-002
   62.0000000000000       9.681010320830299E-002
   60.0000000000000       9.681010320830299E-002
   60.0000000000000       9.679763032932995E-002
   58.0000000000000       9.679763032932995E-002
   58.0000000000000       9.677177154881807E-002
   56.0000000000000       9.677177154881807E-002
   56.0000000000000       9.677177317049385E-002
   54.0000000000000       9.677177317049385E-002
   54.0000000000000       9.677176167562182E-002
   52.0000000000000       9.677176167562182E-002
   52.0000000000000       9.677178365319332E-002
   50.0000000000000       9.677178365319332E-002
   50.0000000000000       9.677184038085518E-002
   48.0000000000000       9.677184038085518E-002
   48.0000000000000       9.676972328645821E-002
   46.0000000000000       9.676972328645821E-002
   46.0000000000000       9.673740261580524E-002
   44.0000000000000       9.673740261580524E-002
   44.0000000000000       9.673739876153882E-002
   42.0000000000000       9.673739876153882E-002
   42.0000000000000       9.673739399965714E-002
   40.0000000000000       9.673739399965714E-002
   40.0000000000000       9.673741141283081E-002
   38.0000000000000       9.673741141283081E-002
   38.0000000000000       9.673785513139598E-002
   36.0000000000000       9.673785513139598E-002
   36.0000000000000       9.674078752146471E-002
   34.0000000000000       9.674078752146471E-002
   34.0000000000000       9.674088086649095E-002
   32.0000000000000       9.674088086649095E-002
   32.0000000000000       9.674095726173758E-002
   30.0000000000000       9.674095726173758E-002
   30.0000000000000       9.674107612060781E-002
   28.0000000000000       9.674107612060781E-002
   28.0000000000000       9.674118779100538E-002
   26.0000000000000       9.674118779100538E-002
   26.0000000000000       9.674138482997188E-002
   24.0000000000000       9.674138482997188E-002
   24.0000000000000       9.674154026706289E-002
   22.0000000000000       9.674154026706289E-002
   22.0000000000000       9.674116450248382E-002
   20.0000000000000       9.674116450248382E-002
   20.0000000000000       9.674066600732636E-002
   18.0000000000000       9.674066600732636E-002
   18.0000000000000       9.674061431452879E-002
   16.0000000000000       9.674061431452879E-002
   16.0000000000000       9.674063175708626E-002
   14.0000000000000       9.674063175708626E-002
   14.0000000000000       9.674074878530026E-002
   12.0000000000000       9.674074878530026E-002
   12.0000000000000       9.674094538731755E-002
   10.0000000000000       9.674094538731755E-002
   10.0000000000000       9.674135998432526E-002
   8.00000000000000       9.674135998432526E-002
   8.00000000000000       9.674303060501421E-002
   6.00000000000000       9.674303060501421E-002
   6.00000000000000       9.916346715274836E-002
   4.00000000000000       9.916346715274836E-002
   4.00000000000000       0.165016518557049     
   2.00000000000000       0.165016518557049     
   2.00000000000000       0.717133216703399     
  0.000000000000000E+000  0.717133216703399     
