>    -Wthicker,005/120/011
   80.0000000000000       0.100000000000000     
   80.0000000000000       0.100000028835344     
   78.0000000000000       0.100000028835344     
   78.0000000000000       9.999181905595514E-002
   76.0000000000000       9.999181905595514E-002
   76.0000000000000       9.998750963749392E-002
   74.0000000000000       9.998750963749392E-002
   74.0000000000000       9.998529261152872E-002
   72.0000000000000       9.998529261152872E-002
   72.0000000000000       9.996695105114319E-002
   70.0000000000000       9.996695105114319E-002
   70.0000000000000       9.996410421670911E-002
   68.0000000000000       9.996410421670911E-002
   68.0000000000000       9.996410421670915E-002
   66.0000000000000       9.996410421670915E-002
   66.0000000000000       9.997688278030675E-002
   64.0000000000000       9.997688278030675E-002
   64.0000000000000       0.100002014771660     
   62.0000000000000       0.100002014771660     
   62.0000000000000       9.999931977210720E-002
   60.0000000000000       9.999931977210720E-002
   60.0000000000000       9.935178727282876E-002
   58.0000000000000       9.935178727282876E-002
   58.0000000000000       0.138784317478846     
   56.0000000000000       0.138784317478846     
   56.0000000000000       0.138660879181673     
   54.0000000000000       0.138660879181673     
   54.0000000000000       0.138471913400503     
   52.0000000000000       0.138471913400503     
   52.0000000000000       0.131120575880597     
   50.0000000000000       0.131120575880597     
   50.0000000000000       0.105352780968575     
   48.0000000000000       0.105352780968575     
   48.0000000000000       0.102613414103590     
   46.0000000000000       0.102613414103590     
   46.0000000000000       7.418741880438291E-002
   44.0000000000000       7.418741880438291E-002
   44.0000000000000       7.176529443503822E-002
   42.0000000000000       7.176529443503822E-002
   42.0000000000000       6.892266193401236E-002
   40.0000000000000       6.892266193401236E-002
   40.0000000000000       6.641914133313509E-002
   38.0000000000000       6.641914133313509E-002
   38.0000000000000       6.751737754593588E-002
   36.0000000000000       6.751737754593588E-002
   36.0000000000000       6.938880916723686E-002
   34.0000000000000       6.938880916723686E-002
   34.0000000000000       6.939717867478039E-002
   32.0000000000000       6.939717867478039E-002
   32.0000000000000       6.995855601603199E-002
   30.0000000000000       6.995855601603199E-002
   30.0000000000000       7.141711891929885E-002
   28.0000000000000       7.141711891929885E-002
   28.0000000000000       7.145868721572206E-002
   26.0000000000000       7.145868721572206E-002
   26.0000000000000       7.192819946973103E-002
   24.0000000000000       7.192819946973103E-002
   24.0000000000000       7.229131961535264E-002
   22.0000000000000       7.229131961535264E-002
   22.0000000000000       7.207959725330369E-002
   20.0000000000000       7.207959725330369E-002
   20.0000000000000       7.207971818215442E-002
   18.0000000000000       7.207971818215442E-002
   18.0000000000000       7.240380536213654E-002
   16.0000000000000       7.240380536213654E-002
   16.0000000000000       7.287452670054452E-002
   14.0000000000000       7.287452670054452E-002
   14.0000000000000       7.289994522258909E-002
   12.0000000000000       7.289994522258909E-002
   12.0000000000000       7.300847898960408E-002
   10.0000000000000       7.300847898960408E-002
   10.0000000000000       7.309101502638929E-002
   8.00000000000000       7.309101502638929E-002
   8.00000000000000       7.309101520121511E-002
   6.00000000000000       7.309101520121511E-002
   6.00000000000000       7.309101542245081E-002
   4.00000000000000       7.309101542245081E-002
   4.00000000000000       7.309101546648897E-002
   2.00000000000000       7.309101546648897E-002
   2.00000000000000       7.309101547677968E-002
  0.000000000000000E+000  7.309101547677968E-002
