>    -Wthicker,171/216/048
   80.0000000000000       0.100000000000000     
   80.0000000000000       9.875775941470918E-002
   78.0000000000000       9.875775941470918E-002
   78.0000000000000       9.489649823901734E-002
   76.0000000000000       9.489649823901734E-002
   76.0000000000000       9.112432521820851E-002
   74.0000000000000       9.112432521820851E-002
   74.0000000000000       9.114740999154083E-002
   72.0000000000000       9.114740999154083E-002
   72.0000000000000       9.105136299126386E-002
   70.0000000000000       9.105136299126386E-002
   70.0000000000000       8.888293087585163E-002
   68.0000000000000       8.888293087585163E-002
   68.0000000000000       9.063500323882460E-002
   66.0000000000000       9.063500323882460E-002
   66.0000000000000       9.102745433840395E-002
   64.0000000000000       9.102745433840395E-002
   64.0000000000000       9.106329734063236E-002
   62.0000000000000       9.106329734063236E-002
   62.0000000000000       8.910064981510517E-002
   60.0000000000000       8.910064981510517E-002
   60.0000000000000       8.863364929356614E-002
   58.0000000000000       8.863364929356614E-002
   58.0000000000000       8.883962671140942E-002
   56.0000000000000       8.883962671140942E-002
   56.0000000000000       8.905580057335699E-002
   54.0000000000000       8.905580057335699E-002
   54.0000000000000       9.060887513376757E-002
   52.0000000000000       9.060887513376757E-002
   52.0000000000000       9.191725260988724E-002
   50.0000000000000       9.191725260988724E-002
   50.0000000000000       9.405794679283208E-002
   48.0000000000000       9.405794679283208E-002
   48.0000000000000       9.634711094456838E-002
   46.0000000000000       9.634711094456838E-002
   46.0000000000000       9.622992783210446E-002
   44.0000000000000       9.622992783210446E-002
   44.0000000000000       9.612751582950257E-002
   42.0000000000000       9.612751582950257E-002
   42.0000000000000       9.608392310393889E-002
   40.0000000000000       9.608392310393889E-002
   40.0000000000000       9.620090438303150E-002
   38.0000000000000       9.620090438303150E-002
   38.0000000000000       0.103663661497714     
   36.0000000000000       0.103663661497714     
   36.0000000000000       9.192306066811805E-002
   34.0000000000000       9.192306066811805E-002
   34.0000000000000       8.861965283044800E-002
   32.0000000000000       8.861965283044800E-002
   32.0000000000000       8.936330492440880E-002
   30.0000000000000       8.936330492440880E-002
   30.0000000000000       9.433012579546250E-002
   28.0000000000000       9.433012579546250E-002
   28.0000000000000       0.111765386741450     
   26.0000000000000       0.111765386741450     
   26.0000000000000       0.135517111412713     
   24.0000000000000       0.135517111412713     
   24.0000000000000       0.160028169143556     
   22.0000000000000       0.160028169143556     
   22.0000000000000       0.145893161427843     
   20.0000000000000       0.145893161427843     
   20.0000000000000       9.086630045587565E-002
   18.0000000000000       9.086630045587565E-002
   18.0000000000000       8.066354805701464E-002
   16.0000000000000       8.066354805701464E-002
   16.0000000000000       8.073128620260075E-002
   14.0000000000000       8.073128620260075E-002
   14.0000000000000       8.361395213820726E-002
   12.0000000000000       8.361395213820726E-002
   12.0000000000000       9.482440797278124E-002
   10.0000000000000       9.482440797278124E-002
   10.0000000000000       0.108388624294901     
   8.00000000000000       0.108388624294901     
   8.00000000000000       0.125393475893510     
   6.00000000000000       0.125393475893510     
   6.00000000000000       0.132013430550673     
   4.00000000000000       0.132013430550673     
   4.00000000000000       0.132015643603268     
   2.00000000000000       0.132015643603268     
   2.00000000000000       0.132017570787301     
  0.000000000000000E+000  0.132017570787301     
