>    -Wthicker,236/064/043
   80.0000000000000       0.100000000000000     
   80.0000000000000       9.871577061475070E-002
   78.0000000000000       9.871577061475070E-002
   78.0000000000000       9.805139901139386E-002
   76.0000000000000       9.805139901139386E-002
   76.0000000000000       9.646964747018312E-002
   74.0000000000000       9.646964747018312E-002
   74.0000000000000       8.967038005532173E-002
   72.0000000000000       8.967038005532173E-002
   72.0000000000000       8.636352900686096E-002
   70.0000000000000       8.636352900686096E-002
   70.0000000000000       8.651826883187265E-002
   68.0000000000000       8.651826883187265E-002
   68.0000000000000       8.523719002510853E-002
   66.0000000000000       8.523719002510853E-002
   66.0000000000000       8.167415446289657E-002
   64.0000000000000       8.167415446289657E-002
   64.0000000000000       8.072671143207362E-002
   62.0000000000000       8.072671143207362E-002
   62.0000000000000       7.995116177766609E-002
   60.0000000000000       7.995116177766609E-002
   60.0000000000000       7.772578116062778E-002
   58.0000000000000       7.772578116062778E-002
   58.0000000000000       5.521676351022189E-002
   56.0000000000000       5.521676351022189E-002
   56.0000000000000       5.525700160204093E-002
   54.0000000000000       5.525700160204093E-002
   54.0000000000000       5.504809067916985E-002
   52.0000000000000       5.504809067916985E-002
   52.0000000000000       5.484319195478807E-002
   50.0000000000000       5.484319195478807E-002
   50.0000000000000       5.461881550448972E-002
   48.0000000000000       5.461881550448972E-002
   48.0000000000000       5.501865518045086E-002
   46.0000000000000       5.501865518045086E-002
   46.0000000000000       5.582444429920667E-002
   44.0000000000000       5.582444429920667E-002
   44.0000000000000       5.581532114471092E-002
   42.0000000000000       5.581532114471092E-002
   42.0000000000000       5.581556206676195E-002
   40.0000000000000       5.581556206676195E-002
   40.0000000000000       5.581556096921475E-002
   38.0000000000000       5.581556096921475E-002
   38.0000000000000       5.617381007154217E-002
   36.0000000000000       5.617381007154217E-002
   36.0000000000000       5.723411493875810E-002
   34.0000000000000       5.723411493875810E-002
   34.0000000000000       5.723428338469464E-002
   32.0000000000000       5.723428338469464E-002
   32.0000000000000       5.729879684778889E-002
   30.0000000000000       5.729879684778889E-002
   30.0000000000000       5.763950966120415E-002
   28.0000000000000       5.763950966120415E-002
   28.0000000000000       5.776860565373930E-002
   26.0000000000000       5.776860565373930E-002
   26.0000000000000       5.774505639950992E-002
   24.0000000000000       5.774505639950992E-002
   24.0000000000000       6.302678281957982E-002
   22.0000000000000       6.302678281957982E-002
   22.0000000000000       6.314117408134012E-002
   20.0000000000000       6.314117408134012E-002
   20.0000000000000       6.483361612728485E-002
   18.0000000000000       6.483361612728485E-002
   18.0000000000000       6.953973935840839E-002
   16.0000000000000       6.953973935840839E-002
   16.0000000000000       7.104829990958185E-002
   14.0000000000000       7.104829990958185E-002
   14.0000000000000       5.854112068804249E-002
   12.0000000000000       5.854112068804249E-002
   12.0000000000000       5.612684337668117E-002
   10.0000000000000       5.612684337668117E-002
   10.0000000000000       6.117680250273345E-002
   8.00000000000000       6.117680250273345E-002
   8.00000000000000       5.262405308236506E-002
   6.00000000000000       5.262405308236506E-002
   6.00000000000000       9.235923226314903E-002
   4.00000000000000       9.235923226314903E-002
   4.00000000000000       0.338178621732792     
   2.00000000000000       0.338178621732792     
   2.00000000000000        1.32055663453456     
  0.000000000000000E+000   1.32055663453456     
