>    -Wthicker,123/248/187
   80.0000000000000       0.100000000000000     
   80.0000000000000       8.306725476882784E-002
   78.0000000000000       8.306725476882784E-002
   78.0000000000000       7.683402242294833E-002
   76.0000000000000       7.683402242294833E-002
   76.0000000000000       7.683402242100715E-002
   74.0000000000000       7.683402242100715E-002
   74.0000000000000       7.683402242166747E-002
   72.0000000000000       7.683402242166747E-002
   72.0000000000000       7.683402242160342E-002
   70.0000000000000       7.683402242160342E-002
   70.0000000000000       7.683401865505260E-002
   68.0000000000000       7.683401865505260E-002
   68.0000000000000       7.683399926438238E-002
   66.0000000000000       7.683399926438238E-002
   66.0000000000000       7.683399926488112E-002
   64.0000000000000       7.683399926488112E-002
   64.0000000000000       7.683399918454298E-002
   62.0000000000000       7.683399918454298E-002
   62.0000000000000       7.683399835169133E-002
   60.0000000000000       7.683399835169133E-002
   60.0000000000000       7.683479449426246E-002
   58.0000000000000       7.683479449426246E-002
   58.0000000000000       7.683650354570598E-002
   56.0000000000000       7.683650354570598E-002
   56.0000000000000       7.683812410039448E-002
   54.0000000000000       7.683812410039448E-002
   54.0000000000000       6.877612278159582E-002
   52.0000000000000       6.877612278159582E-002
   52.0000000000000       6.418457186978056E-002
   50.0000000000000       6.418457186978056E-002
   50.0000000000000       6.418441691399074E-002
   48.0000000000000       6.418441691399074E-002
   48.0000000000000       6.418393395711429E-002
   46.0000000000000       6.418393395711429E-002
   46.0000000000000       6.417876028912414E-002
   44.0000000000000       6.417876028912414E-002
   44.0000000000000       6.417814006329542E-002
   42.0000000000000       6.417814006329542E-002
   42.0000000000000       6.826404403455164E-002
   40.0000000000000       6.826404403455164E-002
   40.0000000000000       6.832875197233695E-002
   38.0000000000000       6.832875197233695E-002
   38.0000000000000       6.946113655979415E-002
   36.0000000000000       6.946113655979415E-002
   36.0000000000000       6.959338014107821E-002
   34.0000000000000       6.959338014107821E-002
   34.0000000000000       6.959291511465659E-002
   32.0000000000000       6.959291511465659E-002
   32.0000000000000       6.959247434878561E-002
   30.0000000000000       6.959247434878561E-002
   30.0000000000000       6.959243161198447E-002
   28.0000000000000       6.959243161198447E-002
   28.0000000000000       6.951089408546868E-002
   26.0000000000000       6.951089408546868E-002
   26.0000000000000       6.947031913041650E-002
   24.0000000000000       6.947031913041650E-002
   24.0000000000000       6.947002951419443E-002
   22.0000000000000       6.947002951419443E-002
   22.0000000000000       6.946289167124639E-002
   20.0000000000000       6.946289167124639E-002
   20.0000000000000       6.954488164645373E-002
   18.0000000000000       6.954488164645373E-002
   18.0000000000000       7.584845213864616E-002
   16.0000000000000       7.584845213864616E-002
   16.0000000000000       7.929705954122016E-002
   14.0000000000000       7.929705954122016E-002
   14.0000000000000       9.230189926584302E-002
   12.0000000000000       9.230189926584302E-002
   12.0000000000000       0.108038704956817     
   10.0000000000000       0.108038704956817     
   10.0000000000000       0.152642886377571     
   8.00000000000000       0.152642886377571     
   8.00000000000000       0.207727278978585     
   6.00000000000000       0.207727278978585     
   6.00000000000000       0.215894229329580     
   4.00000000000000       0.215894229329580     
   4.00000000000000       0.228575423036916     
   2.00000000000000       0.228575423036916     
   2.00000000000000       0.419130117909995     
  0.000000000000000E+000  0.419130117909995     
