>    -Wthicker,108/095/144
   80.0000000000000       0.100000000000000     
   80.0000000000000       0.100000488891788     
   78.0000000000000       0.100000488891788     
   78.0000000000000       9.996876382710712E-002
   76.0000000000000       9.996876382710712E-002
   76.0000000000000       9.995184292807359E-002
   74.0000000000000       9.995184292807359E-002
   74.0000000000000       9.991467758900090E-002
   72.0000000000000       9.991467758900090E-002
   72.0000000000000       9.981365204071063E-002
   70.0000000000000       9.981365204071063E-002
   70.0000000000000       9.980272957544359E-002
   68.0000000000000       9.980272957544359E-002
   68.0000000000000       9.980272957609666E-002
   66.0000000000000       9.980272957609666E-002
   66.0000000000000       9.996749527515228E-002
   64.0000000000000       9.996749527515228E-002
   64.0000000000000       0.100316704166333     
   62.0000000000000       0.100316704166333     
   62.0000000000000       0.100304610600139     
   60.0000000000000       0.100304610600139     
   60.0000000000000       9.854368979347226E-002
   58.0000000000000       9.854368979347226E-002
   58.0000000000000       9.715404275821700E-002
   56.0000000000000       9.715404275821700E-002
   56.0000000000000       9.638222540173555E-002
   54.0000000000000       9.638222540173555E-002
   54.0000000000000       9.598862515949290E-002
   52.0000000000000       9.598862515949290E-002
   52.0000000000000       9.515291735458133E-002
   50.0000000000000       9.515291735458133E-002
   50.0000000000000       9.385750565872303E-002
   48.0000000000000       9.385750565872303E-002
   48.0000000000000       9.525060451895280E-002
   46.0000000000000       9.525060451895280E-002
   46.0000000000000       9.330149214276977E-002
   44.0000000000000       9.330149214276977E-002
   44.0000000000000       9.219443832431559E-002
   42.0000000000000       9.219443832431559E-002
   42.0000000000000       8.230958936497132E-002
   40.0000000000000       8.230958936497132E-002
   40.0000000000000       8.489130906129862E-002
   38.0000000000000       8.489130906129862E-002
   38.0000000000000       8.261572362836539E-002
   36.0000000000000       8.261572362836539E-002
   36.0000000000000       7.825713335063883E-002
   34.0000000000000       7.825713335063883E-002
   34.0000000000000       7.833841739220601E-002
   32.0000000000000       7.833841739220601E-002
   32.0000000000000       8.906866159906712E-002
   30.0000000000000       8.906866159906712E-002
   30.0000000000000       0.114319418465191     
   28.0000000000000       0.114319418465191     
   28.0000000000000       0.114886933298151     
   26.0000000000000       0.114886933298151     
   26.0000000000000       0.121978367057593     
   24.0000000000000       0.121978367057593     
   24.0000000000000       0.126865971817165     
   22.0000000000000       0.126865971817165     
   22.0000000000000       0.120865202482779     
   20.0000000000000       0.120865202482779     
   20.0000000000000       0.120867044298612     
   18.0000000000000       0.120867044298612     
   18.0000000000000       0.129124412348542     
   16.0000000000000       0.129124412348542     
   16.0000000000000       0.141986190066509     
   14.0000000000000       0.141986190066509     
   14.0000000000000       0.141994308484383     
   12.0000000000000       0.141994308484383     
   12.0000000000000       0.142021810808022     
   10.0000000000000       0.142021810808022     
   10.0000000000000       0.142042226206076     
   8.00000000000000       0.142042226206076     
   8.00000000000000       0.142042226794379     
   6.00000000000000       0.142042226794379     
   6.00000000000000       0.142042227626347     
   4.00000000000000       0.142042227626347     
   4.00000000000000       0.142042227699801     
   2.00000000000000       0.142042227699801     
   2.00000000000000       0.142042227703107     
  0.000000000000000E+000  0.142042227703107     
