>    -Wthicker,186/183/028
   80.0000000000000       0.100000000000000     
   80.0000000000000       0.100077368317391     
   78.0000000000000       0.100077368317391     
   78.0000000000000       0.100058345061373     
   76.0000000000000       0.100058345061373     
   76.0000000000000       0.100052964247915     
   74.0000000000000       0.100052964247915     
   74.0000000000000       9.967475814140705E-002
   72.0000000000000       9.967475814140705E-002
   72.0000000000000       9.920923618312937E-002
   70.0000000000000       9.920923618312937E-002
   70.0000000000000       9.920908786807814E-002
   68.0000000000000       9.920908786807814E-002
   68.0000000000000       9.920908846777778E-002
   66.0000000000000       9.920908846777778E-002
   66.0000000000000       9.925400906587484E-002
   64.0000000000000       9.925400906587484E-002
   64.0000000000000       9.934908713411543E-002
   62.0000000000000       9.934908713411543E-002
   62.0000000000000       9.915369982218099E-002
   60.0000000000000       9.915369982218099E-002
   60.0000000000000       9.701905203524130E-002
   58.0000000000000       9.701905203524130E-002
   58.0000000000000       9.699269861521785E-002
   56.0000000000000       9.699269861521785E-002
   56.0000000000000       9.705026795624594E-002
   54.0000000000000       9.705026795624594E-002
   54.0000000000000       9.439609914564798E-002
   52.0000000000000       9.439609914564798E-002
   52.0000000000000       9.248003829899716E-002
   50.0000000000000       9.248003829899716E-002
   50.0000000000000       8.479476494683094E-002
   48.0000000000000       8.479476494683094E-002
   48.0000000000000       6.960757092037087E-002
   46.0000000000000       6.960757092037087E-002
   46.0000000000000       6.835070271406124E-002
   44.0000000000000       6.835070271406124E-002
   44.0000000000000       6.662696154342791E-002
   42.0000000000000       6.662696154342791E-002
   42.0000000000000       6.641953906295876E-002
   40.0000000000000       6.641953906295876E-002
   40.0000000000000       6.648227235670316E-002
   38.0000000000000       6.648227235670316E-002
   38.0000000000000       6.574238424362720E-002
   36.0000000000000       6.574238424362720E-002
   36.0000000000000       6.549868163634556E-002
   34.0000000000000       6.549868163634556E-002
   34.0000000000000       6.612392801078519E-002
   32.0000000000000       6.612392801078519E-002
   32.0000000000000       6.693434923568838E-002
   30.0000000000000       6.693434923568838E-002
   30.0000000000000       6.994818013223492E-002
   28.0000000000000       6.994818013223492E-002
   28.0000000000000       7.034230514529212E-002
   26.0000000000000       7.034230514529212E-002
   26.0000000000000       7.036679147695087E-002
   24.0000000000000       7.036679147695087E-002
   24.0000000000000       7.140434641215590E-002
   22.0000000000000       7.140434641215590E-002
   22.0000000000000       7.273657496689806E-002
   20.0000000000000       7.273657496689806E-002
   20.0000000000000       7.311574208383342E-002
   18.0000000000000       7.311574208383342E-002
   18.0000000000000       7.356232262047893E-002
   16.0000000000000       7.356232262047893E-002
   16.0000000000000       7.655287067411744E-002
   14.0000000000000       7.655287067411744E-002
   14.0000000000000       7.656111595763188E-002
   12.0000000000000       7.656111595763188E-002
   12.0000000000000       7.656113853297439E-002
   10.0000000000000       7.656113853297439E-002
   10.0000000000000       7.656115252088118E-002
   8.00000000000000       7.656115252088118E-002
   8.00000000000000       7.656116145904045E-002
   6.00000000000000       7.656116145904045E-002
   6.00000000000000       7.656117179057378E-002
   4.00000000000000       7.656117179057378E-002
   4.00000000000000       7.656117314015404E-002
   2.00000000000000       7.656117314015404E-002
   2.00000000000000       7.656117314470018E-002
  0.000000000000000E+000  7.656117314470018E-002
