>    -Wthicker,204/165/057
   80.0000000000000       0.100000000000000     
   80.0000000000000       9.821499895639781E-002
   78.0000000000000       9.821499895639781E-002
   78.0000000000000       9.743362555143315E-002
   76.0000000000000       9.743362555143315E-002
   76.0000000000000       9.536121131376428E-002
   74.0000000000000       9.536121131376428E-002
   74.0000000000000       8.911227724586811E-002
   72.0000000000000       8.911227724586811E-002
   72.0000000000000       8.621921564767347E-002
   70.0000000000000       8.621921564767347E-002
   70.0000000000000       8.634853525014294E-002
   68.0000000000000       8.634853525014294E-002
   68.0000000000000       8.528826031904278E-002
   66.0000000000000       8.528826031904278E-002
   66.0000000000000       8.220943898463148E-002
   64.0000000000000       8.220943898463148E-002
   64.0000000000000       8.129601030180558E-002
   62.0000000000000       8.129601030180558E-002
   62.0000000000000       8.065662867791704E-002
   60.0000000000000       8.065662867791704E-002
   60.0000000000000       7.887091845134397E-002
   58.0000000000000       7.887091845134397E-002
   58.0000000000000       5.232755325108050E-002
   56.0000000000000       5.232755325108050E-002
   56.0000000000000       5.236432249330598E-002
   54.0000000000000       5.236432249330598E-002
   54.0000000000000       5.219413327616660E-002
   52.0000000000000       5.219413327616660E-002
   52.0000000000000       5.204540760185458E-002
   50.0000000000000       5.204540760185458E-002
   50.0000000000000       5.184969985747734E-002
   48.0000000000000       5.184969985747734E-002
   48.0000000000000       5.213577680603859E-002
   46.0000000000000       5.213577680603859E-002
   46.0000000000000       5.272876466302554E-002
   44.0000000000000       5.272876466302554E-002
   44.0000000000000       5.272040423591977E-002
   42.0000000000000       5.272040423591977E-002
   42.0000000000000       5.272077140331006E-002
   40.0000000000000       5.272077140331006E-002
   40.0000000000000       5.272077062788567E-002
   38.0000000000000       5.272077062788567E-002
   38.0000000000000       5.313619841567141E-002
   36.0000000000000       5.313619841567141E-002
   36.0000000000000       5.440320630942448E-002
   34.0000000000000       5.440320630942448E-002
   34.0000000000000       5.440332626675280E-002
   32.0000000000000       5.440332626675280E-002
   32.0000000000000       5.445235343279082E-002
   30.0000000000000       5.445235343279082E-002
   30.0000000000000       5.471216038621017E-002
   28.0000000000000       5.471216038621017E-002
   28.0000000000000       5.481221017766567E-002
   26.0000000000000       5.481221017766567E-002
   26.0000000000000       5.478485697492602E-002
   24.0000000000000       5.478485697492602E-002
   24.0000000000000       6.102985270747218E-002
   22.0000000000000       6.102985270747218E-002
   22.0000000000000       6.116360278729345E-002
   20.0000000000000       6.116360278729345E-002
   20.0000000000000       6.246610591886605E-002
   18.0000000000000       6.246610591886605E-002
   18.0000000000000       6.602731749815120E-002
   16.0000000000000       6.602731749815120E-002
   16.0000000000000       6.716030418235597E-002
   14.0000000000000       6.716030418235597E-002
   14.0000000000000       5.752117203203358E-002
   12.0000000000000       5.752117203203358E-002
   12.0000000000000       5.565990243768486E-002
   10.0000000000000       5.565990243768486E-002
   10.0000000000000       6.178780516771769E-002
   8.00000000000000       6.178780516771769E-002
   8.00000000000000       5.095880146452940E-002
   6.00000000000000       5.095880146452940E-002
   6.00000000000000       8.135711924937837E-002
   4.00000000000000       8.135711924937837E-002
   4.00000000000000       0.247508314006747     
   2.00000000000000       0.247508314006747     
   2.00000000000000        1.23514015301781     
  0.000000000000000E+000   1.23514015301781     
