>    -Wthicker,183/085/235
   80.0000000000000       0.100000000000000     
   80.0000000000000       0.100000000000000     
   78.0000000000000       0.100000000000000     
   78.0000000000000       0.100000000000000     
   76.0000000000000       0.100000000000000     
   76.0000000000000       0.100000000000000     
   74.0000000000000       0.100000000000000     
   74.0000000000000       0.100000000000000     
   72.0000000000000       0.100000000000000     
   72.0000000000000       0.100000000000000     
   70.0000000000000       0.100000000000000     
   70.0000000000000       0.100000000000000     
   68.0000000000000       0.100000000000000     
   68.0000000000000       0.100000000000000     
   66.0000000000000       0.100000000000000     
   66.0000000000000       0.100000000000000     
   64.0000000000000       0.100000000000000     
   64.0000000000000       9.999980923456973E-002
   62.0000000000000       9.999980923456973E-002
   62.0000000000000       9.999980923456973E-002
   60.0000000000000       9.999980923456973E-002
   60.0000000000000       9.999980923072216E-002
   58.0000000000000       9.999980923072216E-002
   58.0000000000000       9.999980930151801E-002
   56.0000000000000       9.999980930151801E-002
   56.0000000000000       9.999980930146664E-002
   54.0000000000000       9.999980930146664E-002
   54.0000000000000       9.999980926487326E-002
   52.0000000000000       9.999980926487326E-002
   52.0000000000000       9.999980903282568E-002
   50.0000000000000       9.999980903282568E-002
   50.0000000000000       0.101972764552948     
   48.0000000000000       0.101972764552948     
   48.0000000000000       0.108391293970260     
   46.0000000000000       0.108391293970260     
   46.0000000000000       0.108391293441316     
   44.0000000000000       0.108391293441316     
   44.0000000000000       0.108391293442300     
   42.0000000000000       0.108391293442300     
   42.0000000000000       0.108391293390157     
   40.0000000000000       0.108391293390157     
   40.0000000000000       0.108953640636245     
   38.0000000000000       0.108953640636245     
   38.0000000000000       9.261739087527408E-002
   36.0000000000000       9.261739087527408E-002
   36.0000000000000       9.696656235340224E-002
   34.0000000000000       9.696656235340224E-002
   34.0000000000000       0.101002612046612     
   32.0000000000000       0.101002612046612     
   32.0000000000000       0.101004419629205     
   30.0000000000000       0.101004419629205     
   30.0000000000000       8.346198133590532E-002
   28.0000000000000       8.346198133590532E-002
   28.0000000000000       8.493618733500996E-002
   26.0000000000000       8.493618733500996E-002
   26.0000000000000       8.672187033857436E-002
   24.0000000000000       8.672187033857436E-002
   24.0000000000000       9.212821452185845E-002
   22.0000000000000       9.212821452185845E-002
   22.0000000000000       8.007503692142737E-002
   20.0000000000000       8.007503692142737E-002
   20.0000000000000       7.004600822946730E-002
   18.0000000000000       7.004600822946730E-002
   18.0000000000000       9.657871060214414E-002
   16.0000000000000       9.657871060214414E-002
   16.0000000000000       0.100663040203415     
   14.0000000000000       0.100663040203415     
   14.0000000000000       9.983888936124539E-002
   12.0000000000000       9.983888936124539E-002
   12.0000000000000       0.136534895593326     
   10.0000000000000       0.136534895593326     
   10.0000000000000       0.164826437004929     
   8.00000000000000       0.164826437004929     
   8.00000000000000       0.184778495447918     
   6.00000000000000       0.184778495447918     
   6.00000000000000       0.196258699472467     
   4.00000000000000       0.196258699472467     
   4.00000000000000       0.209126415238036     
   2.00000000000000       0.209126415238036     
   2.00000000000000       0.215159573956472     
  0.000000000000000E+000  0.215159573956472     
