>    -Wthicker,215/044/250
   80.0000000000000       0.100000000000000     
   80.0000000000000       9.778978378157573E-002
   78.0000000000000       9.778978378157573E-002
   78.0000000000000       9.687513330426081E-002
   76.0000000000000       9.687513330426081E-002
   76.0000000000000       9.687513329962703E-002
   74.0000000000000       9.687513329962703E-002
   74.0000000000000       9.687513330308990E-002
   72.0000000000000       9.687513330308990E-002
   72.0000000000000       9.687513330267780E-002
   70.0000000000000       9.687513330267780E-002
   70.0000000000000       9.687509713235255E-002
   68.0000000000000       9.687509713235255E-002
   68.0000000000000       9.687491027370988E-002
   66.0000000000000       9.687491027370988E-002
   66.0000000000000       9.687491027565560E-002
   64.0000000000000       9.687491027565560E-002
   64.0000000000000       9.687491023982754E-002
   62.0000000000000       9.687491023982754E-002
   62.0000000000000       9.687490265267187E-002
   60.0000000000000       9.687490265267187E-002
   60.0000000000000       9.688412270659401E-002
   58.0000000000000       9.688412270659401E-002
   58.0000000000000       9.690351751477340E-002
   56.0000000000000       9.690351751477340E-002
   56.0000000000000       9.692172016424179E-002
   54.0000000000000       9.692172016424179E-002
   54.0000000000000       9.514929386923276E-002
   52.0000000000000       9.514929386923276E-002
   52.0000000000000       9.405971559504658E-002
   50.0000000000000       9.405971559504658E-002
   50.0000000000000       9.405652030673443E-002
   48.0000000000000       9.405652030673443E-002
   48.0000000000000       9.405064704251860E-002
   46.0000000000000       9.405064704251860E-002
   46.0000000000000       9.399109017230896E-002
   44.0000000000000       9.399109017230896E-002
   44.0000000000000       9.397937523570481E-002
   42.0000000000000       9.397937523570481E-002
   42.0000000000000       9.421619417815810E-002
   40.0000000000000       9.421619417815810E-002
   40.0000000000000       9.414411884897159E-002
   38.0000000000000       9.414411884897159E-002
   38.0000000000000       9.438885478786684E-002
   36.0000000000000       9.438885478786684E-002
   36.0000000000000       9.436638636935521E-002
   34.0000000000000       9.436638636935521E-002
   34.0000000000000       9.435925428373350E-002
   32.0000000000000       9.435925428373350E-002
   32.0000000000000       9.435407065201054E-002
   30.0000000000000       9.435407065201054E-002
   30.0000000000000       9.435354805381233E-002
   28.0000000000000       9.435354805381233E-002
   28.0000000000000       9.425857667423761E-002
   26.0000000000000       9.425857667423761E-002
   26.0000000000000       9.419900823899290E-002
   24.0000000000000       9.419900823899290E-002
   24.0000000000000       9.419557764383084E-002
   22.0000000000000       9.419557764383084E-002
   22.0000000000000       9.410814763977300E-002
   20.0000000000000       9.410814763977300E-002
   20.0000000000000       9.417422707422304E-002
   18.0000000000000       9.417422707422304E-002
   18.0000000000000       9.535593995336551E-002
   16.0000000000000       9.535593995336551E-002
   16.0000000000000       9.565894546191250E-002
   14.0000000000000       9.565894546191250E-002
   14.0000000000000       9.683842569364812E-002
   12.0000000000000       9.683842569364812E-002
   12.0000000000000       0.101080053008805     
   10.0000000000000       0.101080053008805     
   10.0000000000000       0.106842114642145     
   8.00000000000000       0.106842114642145     
   8.00000000000000       0.119533326019744     
   6.00000000000000       0.119533326019744     
   6.00000000000000       0.148073034841762     
   4.00000000000000       0.148073034841762     
   4.00000000000000       0.166423531796673     
   2.00000000000000       0.166423531796673     
   2.00000000000000        1.29733101472197     
  0.000000000000000E+000   1.29733101472197     
