>    -Wthicker,062/158/170
   80.0000000000000       0.100000000000000     
   80.0000000000000       9.999957589895786E-002
   78.0000000000000       9.999957589895786E-002
   78.0000000000000       9.999902579846522E-002
   76.0000000000000       9.999902579846522E-002
   76.0000000000000       9.999880078601664E-002
   74.0000000000000       9.999880078601664E-002
   74.0000000000000       9.999920447445038E-002
   72.0000000000000       9.999920447445038E-002
   72.0000000000000       9.999917771706371E-002
   70.0000000000000       9.999917771706371E-002
   70.0000000000000       9.925232052615900E-002
   68.0000000000000       9.925232052615900E-002
   68.0000000000000       9.548438388180709E-002
   66.0000000000000       9.548438388180709E-002
   66.0000000000000       9.548452455203538E-002
   64.0000000000000       9.548452455203538E-002
   64.0000000000000       9.548453364977472E-002
   62.0000000000000       9.548453364977472E-002
   62.0000000000000       9.534800623717037E-002
   60.0000000000000       9.534800623717037E-002
   60.0000000000000       9.295020268206523E-002
   58.0000000000000       9.295020268206523E-002
   58.0000000000000       9.297322205207950E-002
   56.0000000000000       9.297322205207950E-002
   56.0000000000000       9.290742566387723E-002
   54.0000000000000       9.290742566387723E-002
   54.0000000000000       9.274462171360788E-002
   52.0000000000000       9.274462171360788E-002
   52.0000000000000       9.274671391777410E-002
   50.0000000000000       9.274671391777410E-002
   50.0000000000000       9.274811792479067E-002
   48.0000000000000       9.274811792479067E-002
   48.0000000000000       9.274505497041377E-002
   46.0000000000000       9.274505497041377E-002
   46.0000000000000       9.269603116601709E-002
   44.0000000000000       9.269603116601709E-002
   44.0000000000000       9.165128373246151E-002
   42.0000000000000       9.165128373246151E-002
   42.0000000000000       9.242344241876120E-002
   40.0000000000000       9.242344241876120E-002
   40.0000000000000       9.283437998407225E-002
   38.0000000000000       9.283437998407225E-002
   38.0000000000000       9.243566630523888E-002
   36.0000000000000       9.243566630523888E-002
   36.0000000000000       8.768212873098352E-002
   34.0000000000000       8.768212873098352E-002
   34.0000000000000       8.669116980927878E-002
   32.0000000000000       8.669116980927878E-002
   32.0000000000000       8.567661671971677E-002
   30.0000000000000       8.567661671971677E-002
   30.0000000000000       9.250469604225210E-002
   28.0000000000000       9.250469604225210E-002
   28.0000000000000       9.009136909296120E-002
   26.0000000000000       9.009136909296120E-002
   26.0000000000000       8.875442937017355E-002
   24.0000000000000       8.875442937017355E-002
   24.0000000000000       8.935490796914748E-002
   22.0000000000000       8.935490796914748E-002
   22.0000000000000       0.108247971103778     
   20.0000000000000       0.108247971103778     
   20.0000000000000       0.113282068426188     
   18.0000000000000       0.113282068426188     
   18.0000000000000       8.902097651982892E-002
   16.0000000000000       8.902097651982892E-002
   16.0000000000000       9.243364153176253E-002
   14.0000000000000       9.243364153176253E-002
   14.0000000000000       9.377740859616633E-002
   12.0000000000000       9.377740859616633E-002
   12.0000000000000       9.774879677045094E-002
   10.0000000000000       9.774879677045094E-002
   10.0000000000000       0.161588854321036     
   8.00000000000000       0.161588854321036     
   8.00000000000000       0.161708786409007     
   6.00000000000000       0.161708786409007     
   6.00000000000000       0.167152293765836     
   4.00000000000000       0.167152293765836     
   4.00000000000000       0.172692198424676     
   2.00000000000000       0.172692198424676     
   2.00000000000000       0.173347102392414     
  0.000000000000000E+000  0.173347102392414     
