>    -Wthicker,206/225/049
   80.0000000000000       0.100000000000000     
   80.0000000000000       0.100000000000000     
   78.0000000000000       0.100000000000000     
   78.0000000000000       0.100000000000000     
   76.0000000000000       0.100000000000000     
   76.0000000000000       0.100000000000000     
   74.0000000000000       0.100000000000000     
   74.0000000000000       0.100000000000000     
   72.0000000000000       0.100000000000000     
   72.0000000000000       0.100000000000000     
   70.0000000000000       0.100000000000000     
   70.0000000000000       0.100000000000000     
   68.0000000000000       0.100000000000000     
   68.0000000000000       0.100000000000000     
   66.0000000000000       0.100000000000000     
   66.0000000000000       0.100000000001524     
   64.0000000000000       0.100000000001524     
   64.0000000000000       9.999962352476405E-002
   62.0000000000000       9.999962352476405E-002
   62.0000000000000       9.999962352476365E-002
   60.0000000000000       9.999962352476365E-002
   60.0000000000000       9.999962351395003E-002
   58.0000000000000       9.999962351395003E-002
   58.0000000000000       9.999962371775592E-002
   56.0000000000000       9.999962371775592E-002
   56.0000000000000       9.999962371683871E-002
   54.0000000000000       9.999962371683871E-002
   54.0000000000000       9.999962360689418E-002
   52.0000000000000       9.999962360689418E-002
   52.0000000000000       9.999962313266984E-002
   50.0000000000000       9.999962313266984E-002
   50.0000000000000       0.100655763264502     
   48.0000000000000       0.100655763264502     
   48.0000000000000       0.102733644566958     
   46.0000000000000       0.102733644566958     
   46.0000000000000       0.102733643503633     
   44.0000000000000       0.102733643503633     
   44.0000000000000       0.102733643506535     
   42.0000000000000       0.102733643506535     
   42.0000000000000       0.102733643355510     
   40.0000000000000       0.102733643355510     
   40.0000000000000       0.107372960041687     
   38.0000000000000       0.107372960041687     
   38.0000000000000       0.104000021590331     
   36.0000000000000       0.104000021590331     
   36.0000000000000       0.118768046895031     
   34.0000000000000       0.118768046895031     
   34.0000000000000       0.132821167251674     
   32.0000000000000       0.132821167251674     
   32.0000000000000       0.132827803748648     
   30.0000000000000       0.132827803748648     
   30.0000000000000       8.692986454788457E-002
   28.0000000000000       8.692986454788457E-002
   28.0000000000000       9.670729914991720E-002
   26.0000000000000       9.670729914991720E-002
   26.0000000000000       0.134512484425522     
   24.0000000000000       0.134512484425522     
   24.0000000000000       0.152174806072747     
   22.0000000000000       0.152174806072747     
   22.0000000000000       0.134240154802598     
   20.0000000000000       0.134240154802598     
   20.0000000000000       0.131276280676733     
   18.0000000000000       0.131276280676733     
   18.0000000000000       0.152286639476732     
   16.0000000000000       0.152286639476732     
   16.0000000000000       0.153636207116379     
   14.0000000000000       0.153636207116379     
   14.0000000000000       0.153334880893751     
   12.0000000000000       0.153334880893751     
   12.0000000000000       0.182049376819467     
   10.0000000000000       0.182049376819467     
   10.0000000000000       0.196245038579986     
   8.00000000000000       0.196245038579986     
   8.00000000000000       0.207131139848634     
   6.00000000000000       0.207131139848634     
   6.00000000000000       0.214391261535226     
   4.00000000000000       0.214391261535226     
   4.00000000000000       0.220503872898198     
   2.00000000000000       0.220503872898198     
   2.00000000000000       0.223281930315002     
  0.000000000000000E+000  0.223281930315002     
