>    -Wthicker,035/241/165
   80.0000000000000       0.100000000000000     
   80.0000000000000       9.998905074060090E-002
   78.0000000000000       9.998905074060090E-002
   78.0000000000000       9.998444625148036E-002
   76.0000000000000       9.998444625148036E-002
   76.0000000000000       9.998444543027778E-002
   74.0000000000000       9.998444543027778E-002
   74.0000000000000       9.998444644311141E-002
   72.0000000000000       9.998444644311141E-002
   72.0000000000000       9.998444635559083E-002
   70.0000000000000       9.998444635559083E-002
   70.0000000000000       9.997217394610371E-002
   68.0000000000000       9.997217394610371E-002
   68.0000000000000       9.990878543758783E-002
   66.0000000000000       9.990878543758783E-002
   66.0000000000000       9.990878587101834E-002
   64.0000000000000       9.990878587101834E-002
   64.0000000000000       9.990878561350292E-002
   62.0000000000000       9.990878561350292E-002
   62.0000000000000       9.990621958142736E-002
   60.0000000000000       9.990621958142736E-002
   60.0000000000000       0.103013624107879     
   58.0000000000000       0.103013624107879     
   58.0000000000000       0.109860586173354     
   56.0000000000000       0.109860586173354     
   56.0000000000000       0.116682440453063     
   54.0000000000000       0.116682440453063     
   54.0000000000000       0.116667044053475     
   52.0000000000000       0.116667044053475     
   52.0000000000000       0.116660377613591     
   50.0000000000000       0.116660377613591     
   50.0000000000000       0.116660214879520     
   48.0000000000000       0.116660214879520     
   48.0000000000000       0.114829993015701     
   46.0000000000000       0.114829993015701     
   46.0000000000000       0.100901156586349     
   44.0000000000000       0.100901156586349     
   44.0000000000000       0.100577448768374     
   42.0000000000000       0.100577448768374     
   42.0000000000000       0.100223833186884     
   40.0000000000000       0.100223833186884     
   40.0000000000000       9.813645705650931E-002
   38.0000000000000       9.813645705650931E-002
   38.0000000000000       0.121544082872227     
   36.0000000000000       0.121544082872227     
   36.0000000000000       0.106309991765892     
   34.0000000000000       0.106309991765892     
   34.0000000000000       0.104351383881234     
   32.0000000000000       0.104351383881234     
   32.0000000000000       0.102456199692226     
   30.0000000000000       0.102456199692226     
   30.0000000000000       0.102264184781184     
   28.0000000000000       0.102264184781184     
   28.0000000000000       0.101845394853458     
   26.0000000000000       0.101845394853458     
   26.0000000000000       9.706556893766395E-002
   24.0000000000000       9.706556893766395E-002
   24.0000000000000       9.589435300785840E-002
   22.0000000000000       9.589435300785840E-002
   22.0000000000000       7.052522834649204E-002
   20.0000000000000       7.052522834649204E-002
   20.0000000000000       6.245613004162247E-002
   18.0000000000000       6.245613004162247E-002
   18.0000000000000       6.392241187868844E-002
   16.0000000000000       6.392241187868844E-002
   16.0000000000000       6.433594847518179E-002
   14.0000000000000       6.433594847518179E-002
   14.0000000000000       6.441382445221633E-002
   12.0000000000000       6.441382445221633E-002
   12.0000000000000       7.062174173809642E-002
   10.0000000000000       7.062174173809642E-002
   10.0000000000000       9.122175406113020E-002
   8.00000000000000       9.122175406113020E-002
   8.00000000000000       9.445572519664358E-002
   6.00000000000000       9.445572519664358E-002
   6.00000000000000       0.112892348116993     
   4.00000000000000       0.112892348116993     
   4.00000000000000       0.310574312221696     
   2.00000000000000       0.310574312221696     
   2.00000000000000       0.398567474767006     
  0.000000000000000E+000  0.398567474767006     
