>    -Wthicker,235/088/151
   80.0000000000000       0.100000000000000     
   80.0000000000000       9.790467884808232E-002
   78.0000000000000       9.790467884808232E-002
   78.0000000000000       9.705505326576572E-002
   76.0000000000000       9.705505326576572E-002
   76.0000000000000       9.474300923365703E-002
   74.0000000000000       9.474300923365703E-002
   74.0000000000000       8.863530199892126E-002
   72.0000000000000       8.863530199892126E-002
   72.0000000000000       8.607072339900719E-002
   70.0000000000000       8.607072339900719E-002
   70.0000000000000       8.620662128689605E-002
   68.0000000000000       8.620662128689605E-002
   68.0000000000000       8.522861253835544E-002
   66.0000000000000       8.522861253835544E-002
   66.0000000000000       8.235783975259139E-002
   64.0000000000000       8.235783975259139E-002
   64.0000000000000       8.147855784406328E-002
   62.0000000000000       8.147855784406328E-002
   62.0000000000000       8.089514387252875E-002
   60.0000000000000       8.089514387252875E-002
   60.0000000000000       7.929494633122280E-002
   58.0000000000000       7.929494633122280E-002
   58.0000000000000       4.890068864145479E-002
   56.0000000000000       4.890068864145479E-002
   56.0000000000000       4.893139556351166E-002
   54.0000000000000       4.893139556351166E-002
   54.0000000000000       4.880381847490647E-002
   52.0000000000000       4.880381847490647E-002
   52.0000000000000       4.868783153133388E-002
   50.0000000000000       4.868783153133388E-002
   50.0000000000000       4.852135280416994E-002
   48.0000000000000       4.852135280416994E-002
   48.0000000000000       4.873010604455322E-002
   46.0000000000000       4.873010604455322E-002
   46.0000000000000       4.917307173922102E-002
   44.0000000000000       4.917307173922102E-002
   44.0000000000000       4.916660321417948E-002
   42.0000000000000       4.916660321417948E-002
   42.0000000000000       4.916728287716557E-002
   40.0000000000000       4.916728287716557E-002
   40.0000000000000       4.916728232835203E-002
   38.0000000000000       4.916728232835203E-002
   38.0000000000000       4.920902959936629E-002
   36.0000000000000       4.920902959936629E-002
   36.0000000000000       4.992575531506146E-002
   34.0000000000000       4.992575531506146E-002
   34.0000000000000       4.992584096690935E-002
   32.0000000000000       4.992584096690935E-002
   32.0000000000000       4.996093136797740E-002
   30.0000000000000       4.996093136797740E-002
   30.0000000000000       5.014801305590944E-002
   28.0000000000000       5.014801305590944E-002
   28.0000000000000       5.022098888148083E-002
   26.0000000000000       5.022098888148083E-002
   26.0000000000000       5.019591143822964E-002
   24.0000000000000       5.019591143822964E-002
   24.0000000000000       5.633174710029341E-002
   22.0000000000000       5.633174710029341E-002
   22.0000000000000       5.646496580043497E-002
   20.0000000000000       5.646496580043497E-002
   20.0000000000000       5.743789366295839E-002
   18.0000000000000       5.743789366295839E-002
   18.0000000000000       6.008144185652207E-002
   16.0000000000000       6.008144185652207E-002
   16.0000000000000       6.095528238809250E-002
   14.0000000000000       6.095528238809250E-002
   14.0000000000000       5.377762032984018E-002
   12.0000000000000       5.377762032984018E-002
   12.0000000000000       5.234659683678467E-002
   10.0000000000000       5.234659683678467E-002
   10.0000000000000       5.928888853425354E-002
   8.00000000000000       5.928888853425354E-002
   8.00000000000000       5.144065470270102E-002
   6.00000000000000       5.144065470270102E-002
   6.00000000000000       7.506975980574510E-002
   4.00000000000000       7.506975980574510E-002
   4.00000000000000       0.176353006043466     
   2.00000000000000       0.176353006043466     
   2.00000000000000        1.13283933501243     
  0.000000000000000E+000   1.13283933501243     
