>    -Wthicker,109/140/085
   80.0000000000000       0.100000000000000     
   80.0000000000000       9.999999835671160E-002
   78.0000000000000       9.999999835671160E-002
   78.0000000000000       9.999998402635299E-002
   76.0000000000000       9.999998402635299E-002
   76.0000000000000       9.999997532476766E-002
   74.0000000000000       9.999997532476766E-002
   74.0000000000000       9.999996776026950E-002
   72.0000000000000       9.999996776026950E-002
   72.0000000000000       9.999996384240907E-002
   70.0000000000000       9.999996384240907E-002
   70.0000000000000       9.999996053378472E-002
   68.0000000000000       9.999996053378472E-002
   68.0000000000000       9.999996164024326E-002
   66.0000000000000       9.999996164024326E-002
   66.0000000000000       9.999996145267884E-002
   64.0000000000000       9.999996145267884E-002
   64.0000000000000       6.896290108830087E-002
   62.0000000000000       6.896290108830087E-002
   62.0000000000000       5.140134806722253E-002
   60.0000000000000       5.140134806722253E-002
   60.0000000000000       5.136634716000092E-002
   58.0000000000000       5.136634716000092E-002
   58.0000000000000       5.129521313409532E-002
   56.0000000000000       5.129521313409532E-002
   56.0000000000000       5.129521121085839E-002
   54.0000000000000       5.129521121085839E-002
   54.0000000000000       5.129521136527430E-002
   52.0000000000000       5.129521136527430E-002
   52.0000000000000       5.129521254016004E-002
   50.0000000000000       5.129521254016004E-002
   50.0000000000000       5.129521492242849E-002
   48.0000000000000       5.129521492242849E-002
   48.0000000000000       5.129121099469711E-002
   46.0000000000000       5.129121099469711E-002
   46.0000000000000       5.123248026725045E-002
   44.0000000000000       5.123248026725045E-002
   44.0000000000000       5.123247668528726E-002
   42.0000000000000       5.123247668528726E-002
   42.0000000000000       5.123247659781659E-002
   40.0000000000000       5.123247659781659E-002
   40.0000000000000       5.123247711893970E-002
   38.0000000000000       5.123247711893970E-002
   38.0000000000000       5.123249300467309E-002
   36.0000000000000       5.123249300467309E-002
   36.0000000000000       5.123259530757882E-002
   34.0000000000000       5.123259530757882E-002
   34.0000000000000       5.123259744447994E-002
   32.0000000000000       5.123259744447994E-002
   32.0000000000000       5.123260025469469E-002
   30.0000000000000       5.123260025469469E-002
   30.0000000000000       5.123260504837687E-002
   28.0000000000000       5.123260504837687E-002
   28.0000000000000       5.123261072006829E-002
   26.0000000000000       5.123261072006829E-002
   26.0000000000000       5.123261652457194E-002
   24.0000000000000       5.123261652457194E-002
   24.0000000000000       5.123262329930890E-002
   22.0000000000000       5.123262329930890E-002
   22.0000000000000       5.123262438083159E-002
   20.0000000000000       5.123262438083159E-002
   20.0000000000000       5.123260500735987E-002
   18.0000000000000       5.123260500735987E-002
   18.0000000000000       5.123260378645399E-002
   16.0000000000000       5.123260378645399E-002
   16.0000000000000       5.123260504473166E-002
   14.0000000000000       5.123260504473166E-002
   14.0000000000000       5.123261081586494E-002
   12.0000000000000       5.123261081586494E-002
   12.0000000000000       5.123261994635359E-002
   10.0000000000000       5.123261994635359E-002
   10.0000000000000       5.123263655027145E-002
   8.00000000000000       5.123263655027145E-002
   8.00000000000000       5.123270246794237E-002
   6.00000000000000       5.123270246794237E-002
   6.00000000000000       5.142323287917137E-002
   4.00000000000000       5.142323287917137E-002
   4.00000000000000       5.274147345886796E-002
   2.00000000000000       5.274147345886796E-002
   2.00000000000000       5.801121997702957E-002
  0.000000000000000E+000  5.801121997702957E-002
