>    -Wthicker,212/100/049
   80.0000000000000       0.100000000000000     
   80.0000000000000       9.897050674354491E-002
   78.0000000000000       9.897050674354491E-002
   78.0000000000000       9.641774616106261E-002
   76.0000000000000       9.641774616106261E-002
   76.0000000000000       9.399370295874318E-002
   74.0000000000000       9.399370295874318E-002
   74.0000000000000       9.397679970322546E-002
   72.0000000000000       9.397679970322546E-002
   72.0000000000000       9.388323250276412E-002
   70.0000000000000       9.388323250276412E-002
   70.0000000000000       9.189559374152144E-002
   68.0000000000000       9.189559374152144E-002
   68.0000000000000       9.299355059242560E-002
   66.0000000000000       9.299355059242560E-002
   66.0000000000000       9.325040517241480E-002
   64.0000000000000       9.325040517241480E-002
   64.0000000000000       9.327868051633273E-002
   62.0000000000000       9.327868051633273E-002
   62.0000000000000       9.200752142127180E-002
   60.0000000000000       9.200752142127180E-002
   60.0000000000000       9.167461934328965E-002
   58.0000000000000       9.167461934328965E-002
   58.0000000000000       9.185303001511641E-002
   56.0000000000000       9.185303001511641E-002
   56.0000000000000       9.202698917819807E-002
   54.0000000000000       9.202698917819807E-002
   54.0000000000000       9.294503338675518E-002
   52.0000000000000       9.294503338675518E-002
   52.0000000000000       9.380919618895633E-002
   50.0000000000000       9.380919618895633E-002
   50.0000000000000       9.584605715551194E-002
   48.0000000000000       9.584605715551194E-002
   48.0000000000000       9.760842462320030E-002
   46.0000000000000       9.760842462320030E-002
   46.0000000000000       9.750887885811607E-002
   44.0000000000000       9.750887885811607E-002
   44.0000000000000       9.740330367088683E-002
   42.0000000000000       9.740330367088683E-002
   42.0000000000000       9.734986949592193E-002
   40.0000000000000       9.734986949592193E-002
   40.0000000000000       9.917219721358397E-002
   38.0000000000000       9.917219721358397E-002
   38.0000000000000       0.111166308673588     
   36.0000000000000       0.111166308673588     
   36.0000000000000       0.101299396954124     
   34.0000000000000       0.101299396954124     
   34.0000000000000       0.100990413765123     
   32.0000000000000       0.100990413765123     
   32.0000000000000       9.918161340341819E-002
   30.0000000000000       9.918161340341819E-002
   30.0000000000000       0.110573860029510     
   28.0000000000000       0.110573860029510     
   28.0000000000000       0.133356429840891     
   26.0000000000000       0.133356429840891     
   26.0000000000000       0.177539779982340     
   24.0000000000000       0.177539779982340     
   24.0000000000000       0.216615601125469     
   22.0000000000000       0.216615601125469     
   22.0000000000000       0.139173711635388     
   20.0000000000000       0.139173711635388     
   20.0000000000000       9.439859172249086E-002
   18.0000000000000       9.439859172249086E-002
   18.0000000000000       8.701273630376706E-002
   16.0000000000000       8.701273630376706E-002
   16.0000000000000       8.727256530706956E-002
   14.0000000000000       8.727256530706956E-002
   14.0000000000000       9.480142999643677E-002
   12.0000000000000       9.480142999643677E-002
   12.0000000000000       0.105709725347924     
   10.0000000000000       0.105709725347924     
   10.0000000000000       0.121360395928148     
   8.00000000000000       0.121360395928148     
   8.00000000000000       0.149266771687261     
   6.00000000000000       0.149266771687261     
   6.00000000000000       0.161506880384961     
   4.00000000000000       0.161506880384961     
   4.00000000000000       0.161510615544317     
   2.00000000000000       0.161510615544317     
   2.00000000000000       0.161514434250606     
  0.000000000000000E+000  0.161514434250606     
