>    -Wthicker,133/156/047
   80.0000000000000       0.100000000000000     
   80.0000000000000       9.855344981697688E-002
   78.0000000000000       9.855344981697688E-002
   78.0000000000000       9.795150374950158E-002
   76.0000000000000       9.795150374950158E-002
   76.0000000000000       9.795150374951259E-002
   74.0000000000000       9.795150374951259E-002
   74.0000000000000       9.795150374951124E-002
   72.0000000000000       9.795150374951124E-002
   72.0000000000000       9.795150374951210E-002
   70.0000000000000       9.795150374951210E-002
   70.0000000000000       9.795150204320865E-002
   68.0000000000000       9.795150204320865E-002
   68.0000000000000       9.795149323033407E-002
   66.0000000000000       9.795149323033407E-002
   66.0000000000000       9.795149323032855E-002
   64.0000000000000       9.795149323032855E-002
   64.0000000000000       9.795149323084167E-002
   62.0000000000000       9.795149323084167E-002
   62.0000000000000       9.795149287477431E-002
   60.0000000000000       9.795149287477431E-002
   60.0000000000000       9.795192005724430E-002
   58.0000000000000       9.795192005724430E-002
   58.0000000000000       9.795282038685858E-002
   56.0000000000000       9.795282038685858E-002
   56.0000000000000       9.795366652747621E-002
   54.0000000000000       9.795366652747621E-002
   54.0000000000000       9.654084812535302E-002
   52.0000000000000       9.654084812535302E-002
   52.0000000000000       9.566538965828318E-002
   50.0000000000000       9.566538965828318E-002
   50.0000000000000       9.565922246785674E-002
   48.0000000000000       9.565922246785674E-002
   48.0000000000000       9.564673152081320E-002
   46.0000000000000       9.564673152081320E-002
   46.0000000000000       9.543165734350004E-002
   44.0000000000000       9.543165734350004E-002
   44.0000000000000       9.540816188714882E-002
   42.0000000000000       9.540816188714882E-002
   42.0000000000000       9.548056469759489E-002
   40.0000000000000       9.548056469759489E-002
   40.0000000000000       9.547712615132165E-002
   38.0000000000000       9.547712615132165E-002
   38.0000000000000       9.559736392716238E-002
   36.0000000000000       9.559736392716238E-002
   36.0000000000000       9.560918192786104E-002
   34.0000000000000       9.560918192786104E-002
   34.0000000000000       9.560878433241633E-002
   32.0000000000000       9.560878433241633E-002
   32.0000000000000       9.560854277161104E-002
   30.0000000000000       9.560854277161104E-002
   30.0000000000000       9.560851841724650E-002
   28.0000000000000       9.560851841724650E-002
   28.0000000000000       9.560345881055507E-002
   26.0000000000000       9.560345881055507E-002
   26.0000000000000       9.560035884775488E-002
   24.0000000000000       9.560035884775488E-002
   24.0000000000000       9.560019913912560E-002
   22.0000000000000       9.560019913912560E-002
   22.0000000000000       9.559264276465299E-002
   20.0000000000000       9.559264276465299E-002
   20.0000000000000       9.572814474854627E-002
   18.0000000000000       9.572814474854627E-002
   18.0000000000000       9.686507287080275E-002
   16.0000000000000       9.686507287080275E-002
   16.0000000000000       9.706279802022820E-002
   14.0000000000000       9.706279802022820E-002
   14.0000000000000       0.100353142910242     
   12.0000000000000       0.100353142910242     
   12.0000000000000       0.103266218841561     
   10.0000000000000       0.103266218841561     
   10.0000000000000       0.106958578453950     
   8.00000000000000       0.106958578453950     
   8.00000000000000       0.103533671546946     
   6.00000000000000       0.103533671546946     
   6.00000000000000       0.109249838481096     
   4.00000000000000       0.109249838481096     
   4.00000000000000       0.149818188160585     
   2.00000000000000       0.149818188160585     
   2.00000000000000        2.05311322143498     
  0.000000000000000E+000   2.05311322143498     
