>    -Wthicker,133/189/198
   80.0000000000000       0.100000000000000     
   80.0000000000000       9.999895890711591E-002
   78.0000000000000       9.999895890711591E-002
   78.0000000000000       9.999852117546218E-002
   76.0000000000000       9.999852117546218E-002
   76.0000000000000       9.999852117546218E-002
   74.0000000000000       9.999852117546218E-002
   74.0000000000000       9.999852117546218E-002
   72.0000000000000       9.999852117546218E-002
   72.0000000000000       9.999852117546218E-002
   70.0000000000000       9.999852117546218E-002
   70.0000000000000       9.999852117548864E-002
   68.0000000000000       9.999852117548864E-002
   68.0000000000000       9.999852117562831E-002
   66.0000000000000       9.999852117562831E-002
   66.0000000000000       9.999852117562831E-002
   64.0000000000000       9.999852117562831E-002
   64.0000000000000       9.999852117562875E-002
   62.0000000000000       9.999852117562875E-002
   62.0000000000000       9.999852117563536E-002
   60.0000000000000       9.999852117563536E-002
   60.0000000000000       9.999852117765590E-002
   58.0000000000000       9.999852117765590E-002
   58.0000000000000       9.999852127495805E-002
   56.0000000000000       9.999852127495805E-002
   56.0000000000000       9.999852140252136E-002
   54.0000000000000       9.999852140252136E-002
   54.0000000000000       9.999754430691177E-002
   52.0000000000000       9.999754430691177E-002
   52.0000000000000       9.999692919671936E-002
   50.0000000000000       9.999692919671936E-002
   50.0000000000000       9.999692341547453E-002
   48.0000000000000       9.999692341547453E-002
   48.0000000000000       9.999677101552670E-002
   46.0000000000000       9.999677101552670E-002
   46.0000000000000       9.999411998138363E-002
   44.0000000000000       9.999411998138363E-002
   44.0000000000000       9.999409418820616E-002
   42.0000000000000       9.999409418820616E-002
   42.0000000000000       9.999420889102788E-002
   40.0000000000000       9.999420889102788E-002
   40.0000000000000       9.999421059373971E-002
   38.0000000000000       9.999421059373971E-002
   38.0000000000000       9.999430032058396E-002
   36.0000000000000       9.999430032058396E-002
   36.0000000000000       9.999431063129499E-002
   34.0000000000000       9.999431063129499E-002
   34.0000000000000       9.999431057099231E-002
   32.0000000000000       9.999431057099231E-002
   32.0000000000000       9.999431053646377E-002
   30.0000000000000       9.999431053646377E-002
   30.0000000000000       9.999431053328595E-002
   28.0000000000000       9.999431053328595E-002
   28.0000000000000       9.999430874965211E-002
   26.0000000000000       9.999430874965211E-002
   26.0000000000000       9.999430779657936E-002
   24.0000000000000       9.999430779657936E-002
   24.0000000000000       9.999430777351739E-002
   22.0000000000000       9.999430777351739E-002
   22.0000000000000       8.367974888845921E-002
   20.0000000000000       8.367974888845921E-002
   20.0000000000000       7.888363382784841E-002
   18.0000000000000       7.888363382784841E-002
   18.0000000000000       7.894785077836104E-002
   16.0000000000000       7.894785077836104E-002
   16.0000000000000       9.438173085164854E-002
   14.0000000000000       9.438173085164854E-002
   14.0000000000000       0.117654050623751     
   12.0000000000000       0.117654050623751     
   12.0000000000000       0.158096987942603     
   10.0000000000000       0.158096987942603     
   10.0000000000000       0.171801879615796     
   8.00000000000000       0.171801879615796     
   8.00000000000000       0.208374600550578     
   6.00000000000000       0.208374600550578     
   6.00000000000000       0.226228536420296     
   4.00000000000000       0.226228536420296     
   4.00000000000000       0.244711549457305     
   2.00000000000000       0.244711549457305     
   2.00000000000000       0.264465581810119     
  0.000000000000000E+000  0.264465581810119     
