>    -Wthicker,201/175/056
   80.0000000000000       0.100000000000000     
   80.0000000000000       9.999992333057210E-002
   78.0000000000000       9.999992333057210E-002
   78.0000000000000       9.999747939417179E-002
   76.0000000000000       9.999747939417179E-002
   76.0000000000000       9.999505936762894E-002
   74.0000000000000       9.999505936762894E-002
   74.0000000000000       9.999491841102884E-002
   72.0000000000000       9.999491841102884E-002
   72.0000000000000       9.999451854904919E-002
   70.0000000000000       9.999451854904919E-002
   70.0000000000000       9.999451635375885E-002
   68.0000000000000       9.999451635375885E-002
   68.0000000000000       9.999451608419940E-002
   66.0000000000000       9.999451608419940E-002
   66.0000000000000       9.999427575669691E-002
   64.0000000000000       9.999427575669691E-002
   64.0000000000000       9.995183182463421E-002
   62.0000000000000       9.995183182463421E-002
   62.0000000000000       9.995183049827924E-002
   60.0000000000000       9.995183049827924E-002
   60.0000000000000       9.995184121876104E-002
   58.0000000000000       9.995184121876104E-002
   58.0000000000000       9.995174646954033E-002
   56.0000000000000       9.995174646954033E-002
   56.0000000000000       9.995180099433022E-002
   54.0000000000000       9.995180099433022E-002
   54.0000000000000       9.995204587283425E-002
   52.0000000000000       9.995204587283425E-002
   52.0000000000000       9.857299942168368E-002
   50.0000000000000       9.857299942168368E-002
   50.0000000000000       9.802171734838469E-002
   48.0000000000000       9.802171734838469E-002
   48.0000000000000       8.475565189134948E-002
   46.0000000000000       8.475565189134948E-002
   46.0000000000000       6.545888716437154E-002
   44.0000000000000       6.545888716437154E-002
   44.0000000000000       6.545840347460356E-002
   42.0000000000000       6.545840347460356E-002
   42.0000000000000       6.545608631354616E-002
   40.0000000000000       6.545608631354616E-002
   40.0000000000000       6.545586726182014E-002
   38.0000000000000       6.545586726182014E-002
   38.0000000000000       6.545656053288093E-002
   36.0000000000000       6.545656053288093E-002
   36.0000000000000       6.545671192019099E-002
   34.0000000000000       6.545671192019099E-002
   34.0000000000000       6.545721488386914E-002
   32.0000000000000       6.545721488386914E-002
   32.0000000000000       6.678828441126236E-002
   30.0000000000000       6.678828441126236E-002
   30.0000000000000       7.558940803999209E-002
   28.0000000000000       7.558940803999209E-002
   28.0000000000000       7.602822074052426E-002
   26.0000000000000       7.602822074052426E-002
   26.0000000000000       7.604282335902066E-002
   24.0000000000000       7.604282335902066E-002
   24.0000000000000       7.611832492528937E-002
   22.0000000000000       7.611832492528937E-002
   22.0000000000000       7.635885236743520E-002
   20.0000000000000       7.635885236743520E-002
   20.0000000000000       7.687612160085507E-002
   18.0000000000000       7.687612160085507E-002
   18.0000000000000       7.708183914742044E-002
   16.0000000000000       7.708183914742044E-002
   16.0000000000000       7.713227661815884E-002
   14.0000000000000       7.713227661815884E-002
   14.0000000000000       7.898098252822672E-002
   12.0000000000000       7.898098252822672E-002
   12.0000000000000       8.079886862257471E-002
   10.0000000000000       8.079886862257471E-002
   10.0000000000000       8.899951245401838E-002
   8.00000000000000       8.899951245401838E-002
   8.00000000000000       0.102382847997341     
   6.00000000000000       0.102382847997341     
   6.00000000000000       0.147462281031146     
   4.00000000000000       0.147462281031146     
   4.00000000000000       0.151177351615569     
   2.00000000000000       0.151177351615569     
   2.00000000000000       0.151178637785996     
  0.000000000000000E+000  0.151178637785996     
