  -70.3690000000000       -29.8340000000000        71.8506019187337     
  -70.3690000000000       -29.8340000000000        71.8506019187337     
  -70.3690000000000       -29.8340000000000        71.8506019187337     
  -70.3790000000000       -29.8420000000000        72.0195774637600     
  -70.4990000000000       -29.8540000000000        71.7758475196448     
  -70.4990000000000       -29.8540000000000        71.7758475196448     
  -70.4990000000000       -29.8540000000000        71.7758475196448     
  -70.5190000000000       -30.0180000000000        71.8668473228121     
  -70.6310000000000       -30.0260000000000        74.3986614344033     
  -70.6310000000000       -30.0260000000000        74.3986614344033     
  -70.6310000000000       -30.0260000000000        74.3986614344033     
  -70.7340000000000       -30.0380000000000        73.2425069462664     
  -71.0660000000000       -29.9830000000000        67.2386110024347     
  -71.0660000000000       -29.9830000000000        67.2386110024347     
  -71.2390000000000       -29.7480000000000        69.6451544956241     
  -70.9760000000000       -29.6490000000000        68.9068689035230     
  -70.9760000000000       -29.6490000000000        68.9068689035230     
  -70.6660000000000       -29.7490000000000        72.8799262199044     
  -70.2630000000000       -29.9770000000000        71.7568653136266     
  -70.2630000000000       -29.9770000000000        71.7568653136266     
  -70.4910000000000       -30.1640000000000        70.6288275031937     
  -70.4910000000000       -30.1640000000000        70.6288275031937     
  -70.3880000000000       -30.1460000000000        71.7680870562964     
  -70.6450000000000       -30.2170000000000        73.7495793916604     
  -70.6450000000000       -30.2170000000000        73.7495793916604     
  -70.8540000000000       -29.4130000000000        68.4848998782287     
  -70.8540000000000       -29.4130000000000        68.4848998782287     
  -70.7550000000000       -29.4510000000000        69.3212317355550     
  -70.7550000000000       -29.4510000000000        69.3212317355550     
  -70.5750000000000       -29.4620000000000        74.2467005755667     
  -70.5750000000000       -29.4620000000000        74.2467005755667     
  -70.5920000000000       -29.4510000000000        72.9323761783712     
  -70.5920000000000       -29.4510000000000        72.9323761783712     
  -71.0140000000000       -28.9720000000000        64.9266600899925     
  -70.8860000000000       -29.0520000000000        65.6870599495327     
  -70.8860000000000       -29.0520000000000        65.6870599495327     
  -70.7610000000000       -29.1030000000000        66.9113294734756     
  -70.6540000000000       -28.5920000000000        66.0095874124350     
  -70.4610000000000       -28.9620000000000        70.8433284353725     
  -70.4610000000000       -28.9620000000000        70.8433284353725     
  -70.3470000000000       -29.1780000000000        70.5565518553514     
  -70.3470000000000       -29.1780000000000        70.5565518553514     
  -70.3470000000000       -29.1780000000000        70.5565518553514     
  -70.3540000000000       -29.3220000000000        71.0519500642041     
  -70.3020000000000       -29.0070000000000        73.9336967187152     
  -70.3020000000000       -29.0070000000000        73.9336967187152     
  -70.3020000000000       -29.0070000000000        73.9336967187152     
  -70.1270000000000       -29.0740000000000        74.1289432680269     
  -70.5430000000000       -28.5650000000000        66.1522606214551     
  -70.4800000000000       -28.5950000000000        66.7118376836733     
  -70.4800000000000       -28.5950000000000        66.7118376836733     
  -70.4090000000000       -28.3760000000000        68.3094872283420     
  -70.4930000000000       -28.2950000000000        66.7982177170696     
  -70.4930000000000       -28.2950000000000        66.7982177170696     
  -70.3400000000000       -26.8550000000000        65.7065748581435     
  -70.0900000000000       -27.5940000000000        68.4373418175617     
  -70.0900000000000       -27.5940000000000        68.4373418175617     
  -69.7680000000000       -27.6720000000000        71.5650236912504     
  -69.7680000000000       -27.6720000000000        71.5650236912504     
  -69.8060000000000       -27.9560000000000        70.1168499430966     
  -69.8060000000000       -27.9560000000000        70.1168499430966     
  -69.8440000000000       -27.9800000000000        70.1517774266674     
  -70.1260000000000       -27.8220000000000        68.8074286896471     
  -70.1260000000000       -27.8220000000000        68.8074286896471     
  -69.8180000000000       -28.1860000000000        71.0088037142756     
  -69.7600000000000       -28.1160000000000        67.8678328324571     
  -69.7750000000000       -28.1040000000000        68.4837719789009     
  -69.7850000000000       -28.1040000000000        68.7507094324322     
  -70.1310000000000       -27.4270000000000        67.6045519255067     
  -70.1310000000000       -27.4270000000000        67.6045519255067     
  -69.9670000000000       -27.4140000000000        67.6223813201761     
  -69.9670000000000       -27.4140000000000        67.6223813201761     
  -69.6790000000000       -27.3600000000000        69.5208904621880     
  -69.6660000000000       -27.3750000000000        69.9019598614070     
  -69.6770000000000       -27.4270000000000        70.2607116851828     
  -69.6770000000000       -27.4270000000000        70.2607116851828     
  -69.6550000000000       -27.4840000000000        71.3598902841715     
  -69.6810000000000       -27.4810000000000        71.5099011158224     
  -70.4110000000000       -27.4310000000000        68.7213269767937     
  -70.3650000000000       -27.5220000000000        69.1130341668194     
  -69.9520000000000       -27.1000000000000        67.7472892803600     
  -69.8900000000000       -26.8130000000000        68.6937615524497     
  -69.8520000000000       -26.6940000000000        69.3699698522858     
  -69.8520000000000       -26.6940000000000        69.3699698522858     
  -69.7180000000000       -26.6850000000000        70.3391536299919     
  -69.7650000000000       -27.1190000000000        70.0508279901733     
  -69.6670000000000       -26.9470000000000        70.7799255857948     
  -69.6670000000000       -26.9470000000000        70.7799255857948     
  -70.3560000000000       -27.2120000000000        65.7434311300427     
  -70.1970000000000       -26.8090000000000        68.8936201812350     
  -69.9690000000000       -26.8500000000000        70.3369344582140     
  -69.9840000000000       -26.8400000000000        70.5102744642086     
  -69.9840000000000       -26.8400000000000        70.5102744642086     
  -69.7860000000000       -26.5920000000000        69.7230788595904     
  -69.7860000000000       -26.5920000000000        69.7230788595904     
  -69.6650000000000       -26.5380000000000        69.7597991675573     
  -69.6650000000000       -26.5380000000000        69.7597991675573     
  -69.7490000000000       -26.3390000000000        68.3063593927021     
  -69.3280000000000       -26.4580000000000        67.7426993602868     
  -69.9720000000000       -24.0980000000000        66.9525291626085     
  -69.9720000000000       -24.0980000000000        66.9525291626085     
  -69.9720000000000       -24.0980000000000        66.9525291626085     
  -69.2710000000000       -25.2350000000000        68.1346893858223     
  -69.2710000000000       -25.2350000000000        68.1346893858223     
  -69.2710000000000       -25.2350000000000        68.1346893858223     
  -69.0840000000000       -25.3800000000000        67.1903234256257     
  -69.0840000000000       -25.3800000000000        67.1903234256257     
  -69.4360000000000       -25.7460000000000        69.3916544260216     
  -69.4360000000000       -25.7460000000000        69.3916544260216     
  -70.1630000000000       -25.7810000000000        70.0626242810465     
  -70.0180000000000       -25.9420000000000        69.6963512703522     
  -69.5770000000000       -26.3320000000000        70.2440301647927     
  -69.5770000000000       -26.3320000000000        70.2440301647927     
  -69.6120000000000       -26.0990000000000        68.3992050708046     
  -69.6120000000000       -26.0990000000000        68.3992050708046     
  -69.4450000000000       -26.2010000000000        70.8493256998951     
  -69.4450000000000       -26.2010000000000        70.8493256998951     
  -69.4380000000000       -26.2200000000000        71.0484890961297     
  -69.4380000000000       -26.2200000000000        71.0484890961297     
  -69.4380000000000       -26.2200000000000        71.0484890961297     
  -69.4210000000000       -26.2420000000000        70.8541682705320     
  -69.4210000000000       -26.2420000000000        70.8541682705320     
  -69.4150000000000       -26.2580000000000        70.6899492100247     
  -69.4150000000000       -26.2580000000000        70.6899492100247     
  -69.2430000000000       -26.1560000000000        69.2054085880343     
  -69.2430000000000       -26.1560000000000        69.2054085880343     
  -69.0660000000000       -26.5240000000000        68.4151415482721     
  -69.8560000000000       -25.4040000000000        67.3897442621980     
  -69.8560000000000       -25.4040000000000        67.3897442621980     
  -69.8560000000000       -25.4040000000000        67.3897442621980     
  -69.3450000000000       -24.8250000000000        68.0202033145028     
  -69.3450000000000       -24.8250000000000        68.0202033145028     
  -69.1810000000000       -24.7010000000000        70.4739122108918     
  -69.1810000000000       -24.7010000000000        70.4739122108918     
  -68.7500000000000       -24.1400000000000        68.6962929963906     
  -68.7500000000000       -24.1400000000000        68.6962929963906     
  -68.5120000000000       -24.1550000000000        68.3858414667832     
  -68.4750000000000       -24.2890000000000        68.8157331042178     
  -68.6660000000000       -24.4150000000000        71.2291929467543     
  -68.6660000000000       -24.4150000000000        71.2291929467543     
  -69.9380000000000       -23.7400000000000        65.8989934120720     
  -69.9380000000000       -23.7400000000000        65.8989934120720     
  -69.6360000000000       -23.8900000000000        66.1939860771723     
  -69.6360000000000       -23.8900000000000        66.1939860771723     
  -69.8150000000000       -23.2240000000000        64.6689073354368     
  -69.8150000000000       -23.2240000000000        64.6689073354368     
  -69.5980000000000       -23.3880000000000        68.2527390925078     
  -68.9370000000000       -22.7910000000000        69.8458562564689     
  -68.9370000000000       -22.7910000000000        69.8458562564689     
  -68.9370000000000       -22.7910000000000        69.8458562564689     
  -68.6080000000000       -21.9060000000000        68.0856241371694     
  -68.9900000000000       -23.5820000000000        69.0121231772557     
  -69.5010000000000       -23.7550000000000        67.2267406912071     
  -69.3810000000000       -24.4440000000000        70.1884912927953     
  -68.8830000000000       -24.8450000000000        68.3623249292379     
  -70.0540000000000       -25.7430000000000        67.1964283632958     
  -70.4200000000000       -28.7750000000000        70.1353713177350     
  -70.2950000000000       -28.8500000000000        71.3287179776112     
  -70.2950000000000       -28.8500000000000        71.3287179776112     
  -70.5230000000000       -28.7220000000000        68.5362696158766     
  -70.3240000000000       -28.8590000000000        71.3302888173464     
  -70.2230000000000       -28.9700000000000        74.1679692093293     
  -70.2230000000000       -28.9410000000000        73.3918255799413     
  -70.2230000000000       -28.9410000000000        73.3918255799413     
  -70.0070000000000       -28.7920000000000        73.1115640203302     
  -70.0070000000000       -28.7920000000000        73.1115640203302     
  -70.4640000000000       -28.6740000000000        67.7559360324055     
  -70.4300000000000       -28.6270000000000        67.6453028397098     
  -70.5460000000000       -28.8710000000000        68.7288689399253     
  -70.7970000000000       -32.1040000000000        71.1064028489956     
  -70.9510000000000       -32.2570000000000        68.4168083166767     
  -71.0670000000000       -32.3360000000000        67.4074331439532     
  -70.9750000000000       -31.7840000000000        67.6389402322291     
  -70.7960000000000       -31.7080000000000        70.8160429241986     
  -70.8170000000000       -31.7070000000000        70.5129501819933     
  -70.8180000000000       -31.6690000000000        71.5791759756787     
  -70.8160000000000       -31.6630000000000        71.5348786995849     
  -70.6970000000000       -32.3200000000000        77.2324472497403     
  -70.7010000000000       -32.3080000000000        76.1162359653252     
  -70.7090000000000       -32.2970000000000        74.5776685746905     
  -70.7190000000000       -32.2880000000000        74.1331867652657     
  -70.7210000000000       -32.2810000000000        73.7135446540220     
  -70.3800000000000       -32.8860000000000        80.0659824249615     
  -70.6210000000000       -32.5230000000000        77.0149500019791     
  -70.6020000000000       -32.5320000000000        75.5908375348428     
  -70.5970000000000       -32.5400000000000        76.1568967388602     
  -70.5930000000000       -32.5450000000000        76.7577637226731     
  -70.5920000000000       -32.5480000000000        77.0029776232037     
  -70.4920000000000       -33.5960000000000        73.1899096651290     
  -70.2110000000000       -33.8090000000000        74.8987007487478     
  -70.1300000000000       -33.4910000000000        73.0941060450575     
  -70.1300000000000       -33.4910000000000        73.0941060450575     
  -70.1250000000000       -33.4990000000000        73.0622308773552     
  -70.1250000000000       -33.4990000000000        73.0622308773552     
  -70.1240000000000       -33.5040000000000        73.0286435716827     
  -70.1290000000000       -33.5050000000000        73.0579671078804     
  -70.3210000000000       -34.3650000000000        77.3752253017917     
  -70.1180000000000       -34.0590000000000        72.2036090049493     
  -70.1180000000000       -34.0590000000000        72.2036090049493     
  -70.1150000000000       -34.0760000000000        72.3468568868674     
  -70.1200000000000       -34.0760000000000        72.3748772820810     
  -70.1240000000000       -34.0790000000000        72.4302785855555     
  -70.1240000000000       -34.0790000000000        72.4302785855555     
  -70.5640000000000       -34.8250000000000        76.8133231187512     
  -69.4390000000000       -33.6040000000000        76.2139640702204     
  -69.5720000000000       -33.6210000000000        73.4473602096618     
  -69.5440000000000       -33.6120000000000        74.4119458736986     
  -69.6070000000000       -33.6230000000000        72.4095643676896     
  -69.5970000000000       -33.6240000000000        72.8368796217158     
  -69.5510000000000       -33.6170000000000        74.3676134721681     
  -69.4390000000000       -33.6040000000000        76.2139640702204     
  -70.1680000000000       -28.9740000000000        72.5342593745161     
  -70.2960000000000       -28.8540000000000        71.2146517553984     
  -69.2640000000000       -26.3520000000000        68.0392580325442     
  -70.2950000000000       -29.9320000000000        72.1341827066346     
  -70.5240000000000       -29.9060000000000        71.6797208759785     
  -70.3210000000000       -29.9440000000000        72.2082220265418     
  -70.3100000000000       -29.9300000000000        72.0163377201771     
  -70.3540000000000       -29.9710000000000        72.8645384466832     
  -70.4200000000000       -29.9530000000000        72.7875489838947     
  -70.5240000000000       -29.9060000000000        71.6797208759785     
  -70.3210000000000       -29.9440000000000        72.2082220265418     
  -70.3100000000000       -29.9300000000000        72.0163377201771     
  -70.4200000000000       -29.9530000000000        72.7875489838947     
  -70.6200000000000       -35.3600000000000        74.1030519855004     
  -70.6800000000000       -35.3300000000000        74.5991025849627     
  -70.8300000000000       -35.3100000000000        75.7544224342658     
  -66.2840000000000       -21.3540000000000        72.8938432609954     
  -65.8580000000000       -21.4500000000000        80.0315308748725     
  -65.7220000000000       -21.4100000000000        76.5674245748347     
  -65.7040000000000       -21.5080000000000        77.5710843364573     
  -65.6560000000000       -21.5080000000000        78.1035328582924     
  -65.6560000000000       -21.5080000000000        78.1035328582924     
  -65.5020000000000       -21.3530000000000        72.5010194651592     
  -65.3820000000000       -21.4190000000000        77.1287602334377     
  -65.3240000000000       -21.3980000000000        80.6602475064936     
  -65.3100000000000       -21.3900000000000        81.2113610237682     
  -65.2230000000000       -21.4440000000000        78.1705064191603     
  -65.1850000000000       -21.2740000000000        80.8851714196445     
  -65.1660000000000       -21.8190000000000        76.2958400829377     
  -65.0880000000000       -21.4840000000000        80.6883079697278     
  -65.0120000000000       -21.5140000000000        78.9074748937313     
  -65.0120000000000       -21.5140000000000        78.9074748937313     
  -64.9490000000000       -21.4870000000000        79.2612331677757     
  -64.9490000000000       -21.4870000000000        79.2612331677757     
  -64.9230000000000       -21.4860000000000        81.3306851514268     
  -64.8830000000000       -21.4560000000000        79.0518812204904     
  -64.9140000000000       -21.4990000000000        81.6110888706784     
  -64.8740000000000       -21.4600000000000        78.5263029784618     
  -64.8740000000000       -21.4600000000000        78.5263029784618     
  -64.8340000000000       -21.4730000000000        79.9645807332631     
  -64.7350000000000       -21.3450000000000        74.0314309777072     
  -64.6930000000000       -21.3950000000000        77.1886822983041     
  -64.6930000000000       -21.3950000000000        77.1886822983041     
  -64.6750000000000       -21.3890000000000        75.8998750455197     
  -64.6550000000000       -21.3840000000000        74.4092912140198     
  -64.6420000000000       -21.3740000000000        74.5883401753176     
  -64.6420000000000       -21.3740000000000        74.5883401753176     
  -64.6370000000000       -21.3790000000000        74.4205087417887     
  -64.6310000000000       -21.3840000000000        74.6139236302204     
  -64.6290000000000       -21.3850000000000        74.7169127673102     
  -64.6290000000000       -21.5620000000000        74.3974572339515     
  -64.6290000000000       -21.5620000000000        74.3974572339515     
  -64.5690000000000       -21.3820000000000        74.4162458325375     
  -64.5480000000000       -21.4140000000000        75.9364832589715     
  -64.5480000000000       -21.4140000000000        75.9364832589715     
  -64.5340000000000       -21.4050000000000        75.5227198656251     
  -64.5400000000000       -21.5220000000000        73.7851971239220     
  -64.4930000000000       -21.4520000000000        77.1170487901929     
  -64.4930000000000       -21.4520000000000        77.1170487901929     
  -64.4770000000000       -21.4420000000000        75.2970457988764     
  -64.4450000000000       -21.4270000000000        78.1973116179346     
  -64.4450000000000       -21.4270000000000        78.1973116179346     
  -64.3600000000000       -21.4530000000000        80.3573048246957     
  -64.3600000000000       -21.4530000000000        80.3573048246957     
  -64.3490000000000       -21.4550000000000        80.2080961261891     
  -64.3490000000000       -21.4550000000000        80.2080961261891     
  -64.3440000000000       -21.4550000000000        79.9032686329670     
  -64.3120000000000       -21.4770000000000        76.6910474168058     
  -64.2980000000000       -21.4820000000000        75.8450242332538     
  -64.2980000000000       -21.4820000000000        75.8450242332538     
  -64.2840000000000       -21.4030000000000        82.6303909875809     
  -64.2780000000000       -21.4160000000000        81.1428457527867     
  -64.2750000000000       -21.4290000000000        80.5462502354347     
  -64.2610000000000       -21.4360000000000        81.4686086650207     
  -64.2610000000000       -21.4360000000000        81.4686086650207     
  -64.2630000000000       -21.4940000000000        80.5489475440546     
  -64.2630000000000       -21.4940000000000        80.5489475440546     
  -64.2370000000000       -21.4910000000000        82.7127989488162     
  -64.2370000000000       -21.4910000000000        82.7127989488162     
  -64.1490000000000       -21.4710000000000        81.4042120413653     
  -64.1400000000000       -21.4640000000000        80.8846587807883     
  -64.1010000000000       -21.4480000000000        78.5108908259781     
  -64.0820000000000       -21.4460000000000        78.5646321915311     
  -64.0600000000000       -21.4450000000000        77.4969977080015     
  -63.9980000000000       -21.4210000000000        78.1480040375247     
  -63.7530000000000       -21.0710000000000        78.5401122522645     
  -63.7490000000000       -21.0740000000000        78.5996707942625     
  -63.7040000000000       -21.1850000000000        80.1642485904630     
  -63.6980000000000       -21.1800000000000        80.4797717895614     
  -63.6960000000000       -21.1800000000000        80.5160698008788     
  -63.6960000000000       -21.1800000000000        80.5160698008788     
  -63.7730000000000       -21.6070000000000        77.2509131507652     
  -63.6960000000000       -21.8790000000000        72.0166768798442     
  -63.4030000000000       -20.7970000000000        74.8828010988725     
  -70.2060000000000       -19.5880000000000        64.2122318456566     
  -70.1940000000000       -19.5580000000000        65.0150365788165     
  -70.2010000000000       -19.5900000000000        64.1655946771410     
  -70.1820000000000       -19.5660000000000        64.5937918092784     
  -70.0870000000000       -19.5520000000000        64.7676897590197     
  -69.4940000000000       -19.3410000000000        70.1263322668247     
  -70.1890000000000       -19.1560000000000        68.0909572624877     
  -70.3230000000000       -18.5300000000000        66.4110458741087     
  -69.7970000000000       -18.4620000000000        69.8785357898537     
  -69.7970000000000       -18.4620000000000        69.8785357898537     
  -69.7620000000000       -18.4490000000000        69.5718883057839     
  -69.7540000000000       -18.4410000000000        69.7426104895088     
  -70.1370000000000       -20.1890000000000        64.4650770414223     
  -69.4910000000000       -18.9510000000000        64.7233366049662     
  -69.3900000000000       -19.8670000000000        65.9781543635040     
  -69.3760000000000       -19.8640000000000        66.0076887032083     
  -69.3700000000000       -19.8630000000000        66.1046051285288     
  -69.3950000000000       -19.8710000000000        66.0580853613186     
  -69.3750000000000       -19.8830000000000        66.3295661037805     
  -69.7130000000000       -22.2810000000000        65.5473546550748     
  -69.1820000000000       -20.0880000000000        73.3151931277082     
  -69.3990000000000       -20.1140000000000        67.0597698382888     
  -69.3700000000000       -20.0830000000000        67.5411840837804     
  -69.3700000000000       -20.0830000000000        67.5411840837804     
  -69.0530000000000       -20.9270000000000        75.6878747845874     
  -69.0650000000000       -20.9290000000000        75.8672575079689     
  -69.1890000000000       -22.2900000000000        67.9634633701486     
  -69.1000000000000       -22.3090000000000        69.2784083508929     
  -68.9790000000000       -22.3140000000000        74.7373380624232     
  -68.9660000000000       -22.3210000000000        75.2376003176493     
  -70.1210000000000       -33.7160000000000        73.0271832651145     
  -70.2610000000000       -33.7750000000000        74.5601741176629     
  -70.1350000000000       -33.4410000000000        72.8669369915018     
  -70.2810000000000       -33.1020000000000        76.0319695469447     
  -70.3810000000000       -32.8860000000000        80.1478939296724     
  -70.1340000000000       -32.8510000000000        79.3631453650847     
  -70.1340000000000       -32.8510000000000        79.3631453650847     
  -70.3140000000000       -32.9140000000000        78.8148019109267     
  -70.4260000000000       -33.9900000000000        76.4022886112282     
  -70.1670000000000       -22.0000000000000        63.2124783356760     
  -70.6330000000000       -26.2670000000000        64.8217904474132     
  -70.6670000000000       -26.3830000000000        63.8937884302845     
  -70.5170000000000       -24.2500000000000        65.2405203917956     
  -70.7830000000000       -26.9830000000000        63.8324642294582     
  -70.2500000000000       -22.4000000000000        65.3199658699120     
  -70.1330000000000       -20.9830000000000        65.9834840914056     
  -70.1670000000000       -22.0000000000000        63.2124783356760     
  -70.4500000000000       -25.0170000000000        66.5834300284040     
  -70.1670000000000       -22.0000000000000        63.2124783356760     
  -70.1830000000000       -22.0500000000000        64.1960045663748     
  -70.1670000000000       -22.0000000000000        63.2124783356760     
  -70.1670000000000       -22.0000000000000        63.2124783356760     
  -70.1670000000000       -22.0000000000000        63.2124783356760     
  -70.1670000000000       -22.0000000000000        63.2124783356760     
  -70.1670000000000       -22.0000000000000        63.2124783356760     
  -70.1670000000000       -22.0000000000000        63.2124783356760     
  -70.1670000000000       -22.0000000000000        63.2124783356760     
  -70.1670000000000       -22.0000000000000        63.2124783356760     
  -70.1670000000000       -22.0000000000000        63.2124783356760     
  -70.1670000000000       -22.0000000000000        63.2124783356760     
  -70.1670000000000       -22.0000000000000        63.2124783356760     
  -70.1670000000000       -22.0000000000000        63.2124783356760     
  -70.1670000000000       -22.0000000000000        63.2124783356760     
  -70.1670000000000       -22.0000000000000        63.2124783356760     
  -70.1670000000000       -22.0000000000000        63.2124783356760     
  -65.8910000000000       -24.4860000000000        70.1652387587013     
  -67.3280000000000       -24.6230000000000        69.2792252859254     
  -67.3300000000000       -24.6340000000000        69.1211211067182     
  -67.3280000000000       -24.6350000000000        69.1058321042489     
  -65.6950000000000       -24.8910000000000        80.4132591767103     
  -67.2920000000000       -23.6170000000000        76.0010171890020     
  -70.2600000000000       -22.6280000000000        66.2626396351690     
  -69.3590000000000       -22.8730000000000        69.3443157126575     
  -68.3400000000000       -23.6670000000000        72.4675634649172     
  -69.0350000000000       -23.5370000000000        68.0917230301152     
  -69.4660000000000       -23.3570000000000        65.8632711434399     
  -69.4630000000000       -23.3590000000000        65.8396178729196     
  -69.4600000000000       -23.3580000000000        65.8202944777613     
  -69.4570000000000       -23.3570000000000        65.8091494002687     
  -69.4660000000000       -23.3430000000000        65.9428575332696     
  -69.4560000000000       -23.3540000000000        65.8090531793831     
  -69.4610000000000       -23.3860000000000        65.9761385638747     
  -69.4630000000000       -23.3870000000000        65.9831668186897     
  -69.4660000000000       -23.3890000000000        66.0113926757451     
  -69.4670000000000       -23.3910000000000        66.0705275474657     
  -68.6250000000000       -23.6020000000000        72.1945852624359     
  -69.0810000000000       -21.7100000000000        65.7795766774922     
  -68.6750000000000       -21.8420000000000        68.3572742048015     
  -68.6790000000000       -21.8400000000000        68.3860703105160     
  -68.6860000000000       -21.8380000000000        68.3800954175386     
  -68.6930000000000       -21.8380000000000        68.3839697517984     
  -68.6940000000000       -21.8340000000000        68.4382012961834     
  -68.6790000000000       -21.8400000000000        68.3860703105160     
  -68.6940000000000       -21.8340000000000        68.4382012961834     
  -69.5170000000000       -23.4040000000000        68.0669500733218     
  -69.3590000000000       -22.8730000000000        69.3443157126575     
  -70.3670000000000       -24.2350000000000        67.6949099051135     
  -69.1130000000000       -24.2460000000000        70.9259721735730     
  -70.5070000000000       -23.1000000000000        70.6719425941756     
  -70.2600000000000       -22.6270000000000        66.2633932138095     
  -70.2050000000000       -23.4610000000000        67.9712934737456     
  -69.5170000000000       -23.4040000000000        68.0669500733218     
  -69.3580000000000       -22.8730000000000        69.3696699145363     
  -69.7850000000000       -22.0440000000000        68.3208017653133     
  -68.8380000000000       -22.3650000000000        75.3226618398290     
  -68.9230000000000       -23.0410000000000        69.9431841596224     
  -68.7580000000000       -23.6690000000000        72.5901279446043     
  -68.3400000000000       -23.6670000000000        72.4675634649172     
  -68.3200000000000       -22.8460000000000        71.4609456075656     
  -68.4790000000000       -23.1000000000000        72.0746718715886     
  -69.0350000000000       -23.5370000000000        68.0917230301152     
  -70.2220000000000       -23.8420000000000        67.2270538752863     
  -68.2710000000000       -23.7940000000000        71.9211665742470     
  -69.0330000000000       -23.5320000000000        68.1766685416024     
  -65.9220000000000       -24.4810000000000        71.3752410975257     
  -68.6700000000000       -18.4800000000000        71.8900378778643     
  -66.3900000000000       -20.0900000000000        75.7327865839091     
  -66.1400000000000       -19.8600000000000        81.9111191927138     
  -64.7700000000000       -19.0600000000000        76.4361421663959     
  -64.4700000000000       -19.1800000000000        76.9096267531916     
  -66.2500000000000       -19.9500000000000        82.1125889497959     
  -66.9220000000000       -32.8670000000000        66.7896792878745     
  -66.8330000000000       -32.8970000000000        65.0419899156832     
  -66.8720000000000       -32.8640000000000        65.5366002926994     
  -67.5430000000000       -30.5620000000000        65.1237638159769     
  -67.3650000000000       -31.4490000000000        80.2965476422255     
  -65.3040000000000       -32.5290000000000        64.1948672289599     
  -64.5030000000000       -31.5910000000000        64.9234724483037     
  -69.1870000000000       -32.8230000000000        76.4863391619701     
  -69.0660000000000       -32.9990000000000        79.5234828228856     
  -66.5210000000000       -27.4810000000000        69.9204185564055     
  -66.5210000000000       -27.4670000000000        70.1614881790272     
  -66.5260000000000       -27.4570000000000        70.3203613167891     
  -66.5400000000000       -27.3570000000000        70.3136256858816     
  -66.7400000000000       -26.8870000000000        72.0067898177588     
  -66.7320000000000       -26.8800000000000        72.0240878085659     
  -66.7370000000000       -26.8630000000000        72.3018004606775     
  -66.7570000000000       -26.8520000000000        72.2975764781045     
  -66.4240000000000       -25.5710000000000        79.7667020816747     
  -66.4260000000000       -25.2490000000000        83.2375578587164     
  -66.4920000000000       -25.3120000000000        84.3938365596744     
  -66.4940000000000       -25.3150000000000        84.5095426180799     
  -66.5050000000000       -25.3200000000000        84.5452001040844     
  -66.7050000000000       -25.0090000000000        81.8452581408598     
  -66.5100000000000       -25.3320000000000        84.1718827631224     
  -66.6280000000000       -24.9840000000000        84.9429599744804     
  -66.6180000000000       -24.9810000000000        84.9476172667534     
  -64.7820000000000       -21.4370000000000        77.6870630250808     
  -65.1630000000000       -21.2720000000000        80.8898415171159     
  -65.1230000000000       -21.2980000000000        80.4936044328014     
  -64.8490000000000       -21.4620000000000        79.2245680006950     
  -65.0500000000000       -21.3610000000000        79.2185430142201     
  -65.7500000000000       -21.4150000000000        77.1016920540869     
  -65.0370000000000       -21.3670000000000        79.2121213098135     
  -64.8830000000000       -21.4640000000000        79.3674336089377     
  -65.0050000000000       -21.3610000000000        79.2476759930497     
  -67.4190000000000       -21.0150000000000        74.3510571064471     
  -64.9030000000000       -21.4950000000000        81.5541248510187     
  -64.9210000000000       -21.4860000000000        81.4179524606283     
  -66.9200000000000       -20.7700000000000        74.9041941794833     
  -67.0360000000000       -20.7960000000000        75.7556667414419     
  -65.9060000000000       -21.4370000000000        79.2209767632627     
  -66.0290000000000       -21.1110000000000        77.7571298948452     
  -67.0420000000000       -20.7960000000000        75.7546837102758     
  -65.4000000000000       -21.4260000000000        76.5717057362301     
  -65.9300000000000       -21.1730000000000        79.1232629556032     
  -66.2820000000000       -21.3510000000000        73.0353391811357     
  -64.4880000000000       -21.4500000000000        76.9178719538568     
  -69.1920000000000       -22.2880000000000        68.0120829387449     
  -69.1920000000000       -22.3150000000000        68.1768327927880     
  -69.1440000000000       -22.3360000000000        68.8158199327489     
  -69.1490000000000       -22.3490000000000        68.8611667585081     
  -68.8540000000000       -22.3310000000000        75.3655411074506     
  -68.9670000000000       -22.3460000000000        74.7912099364574     
  -68.9760000000000       -22.3140000000000        74.9099274123725     
  -68.9250000000000       -22.2360000000000        75.1669356377072     
  -68.9750000000000       -22.3000000000000        74.9290784188647     
  -68.8280000000000       -22.1320000000000        74.2827434423293     
  -68.7390000000000       -22.0920000000000        73.4566790210828     
  -69.2540000000000       -26.3420000000000        68.3478537094884     
  -69.2720000000000       -26.3670000000000        68.3273328194373     
  -68.8280000000000       -22.1190000000000        74.1960038795572     
  -68.8280000000000       -22.1190000000000        74.1960038795572     
  -68.8330000000000       -22.1170000000000        74.1309327483320     
  -68.7710000000000       -22.0810000000000        73.5576795150176     
  -68.7380000000000       -22.0520000000000        72.6490865428490     
  -69.2850000000000       -26.3580000000000        68.4692747553987     
  -68.7990000000000       -22.0670000000000        73.3318740749515     
  -68.8080000000000       -21.5420000000000        71.8476507873671     
  -68.8140000000000       -21.5080000000000        72.2883452572358     
  -68.7580000000000       -21.1630000000000        72.6562095044728     
  -68.7030000000000       -21.0690000000000        72.6131549374877     
  -66.3690000000000       -26.5380000000000        66.4499441539099     
  -66.1580000000000       -27.1500000000000        78.0503982957265     
  -66.1330000000000       -27.1450000000000        76.0500650516655     
  -66.1310000000000       -27.1500000000000        76.9019711366938     
  -65.7750000000000       -26.4640000000000        65.9351089795765     
  -66.1290000000000       -27.1580000000000        77.5580302307120     
  -65.7650000000000       -26.4660000000000        66.1019142823779     
  -65.7390000000000       -26.5090000000000        66.9778208159165     
  -65.7530000000000       -26.4770000000000        66.3729981941463     
  -66.1090000000000       -27.1730000000000        76.9931476904217     
  -65.7330000000000       -26.5130000000000        67.1265486039084     
  -66.1150000000000       -27.1770000000000        77.4243861270927     
  -65.7190000000000       -26.5310000000000        67.5980254537956     
  -66.1180000000000       -27.1820000000000        77.5503137396267     
  -65.7210000000000       -26.5350000000000        67.6291109416489     
  -66.1130000000000       -27.1900000000000        77.1832927978852     
  -66.1130000000000       -27.1940000000000        76.9687653927793     
  -66.1110000000000       -27.1960000000000        76.6580213599345     
  -70.0520000000000       -23.7300000000000        67.5308851153652     
  -68.0870000000000       -24.8030000000000        72.5629675918743     
  -66.7510000000000       -24.6610000000000        74.5517688493126     
  -66.2700000000000       -23.4270000000000        75.5116584968575     
  -66.2660000000000       -23.4310000000000        75.6356699693961     
  -66.2580000000000       -23.4380000000000        75.7265887310654     
  -66.2470000000000       -23.4400000000000        75.7823506825345     
  -66.2990000000000       -23.6290000000000        81.0351374835437     
  -66.2920000000000       -23.6370000000000        81.3867168206408     
  -66.2920000000000       -23.6410000000000        81.4175847203589     
  -66.2930000000000       -23.6440000000000        81.3083225380016     
  -65.6890000000000       -23.1920000000000        81.8232501856080     
  -65.6930000000000       -23.2140000000000        82.6568895769374     
  -65.4600000000000       -23.3830000000000        84.9918712454357     
  -65.4550000000000       -23.3830000000000        86.4011964721844     
  -65.4530000000000       -23.3810000000000        86.9250367340330     
  -65.4490000000000       -23.3790000000000        87.5096937172436     
  -65.4480000000000       -23.3790000000000        87.5537455655102     
  -65.4420000000000       -23.3810000000000        87.2655348387566     
  -65.5840000000000       -23.6660000000000        83.5260074656409     
  -65.6290000000000       -23.6810000000000        81.1123889724837     
  -67.8920000000000       -27.2810000000000        73.7305547847981     
  -68.4880000000000       -27.5950000000000        73.8483683995541     
  -67.5240000000000       -27.7360000000000        77.3384267678569     
  -67.5420000000000       -27.0700000000000        78.4677995740606     
  -67.5590000000000       -27.0800000000000        78.8247897704870     
  -67.5680000000000       -27.0770000000000        78.5995838762350     
  -67.5910000000000       -27.0800000000000        77.0248169040799     
  -67.6280000000000       -27.1010000000000        74.8587391538774     
  -67.6630000000000       -27.1290000000000        76.1812712385220     
  -66.2820000000000       -25.7940000000000        75.5506879147190     
  -66.1750000000000       -25.7140000000000        77.6149625746593     
  -66.1780000000000       -25.7150000000000        77.5788622987310     
  -65.9910000000000       -25.6240000000000        79.1451709539898     
  -65.7510000000000       -25.9620000000000        79.3749105890186     
  -65.6290000000000       -25.6320000000000        80.9688163951658     
  -66.0050000000000       -25.1130000000000        80.9692956045291     
  -66.2960000000000       -24.6450000000000        76.9477724378484     
  -66.0490000000000       -24.7150000000000        81.6173096597970     
  -65.8100000000000       -24.8040000000000        78.7803613488513     
  -65.7560000000000       -24.5370000000000        82.2515305798806     
  -65.6710000000000       -24.5530000000000        82.5938838271727     
  -65.6410000000000       -24.6700000000000        76.9302763403696     
  -65.6020000000000       -24.7660000000000        75.3500008551572     
  -65.5630000000000       -24.8000000000000        73.2379836181565     
  -65.3590000000000       -24.7960000000000        67.7526940998573     
  -65.3400000000000       -24.7200000000000        71.8140520314925     
  -66.1750000000000       -26.1250000000000        73.5688208721380     
  -66.0570000000000       -26.1250000000000        68.6227767097682     
  -66.0460000000000       -26.1140000000000        69.5683268637736     
  -66.0380000000000       -26.1140000000000        70.1201453629644     
  -67.5570000000000       -27.0390000000000        76.4647136970748     
  -67.5910000000000       -27.0800000000000        77.0248169040799     
  -67.6050000000000       -27.0780000000000        75.8519128643306     
  -67.6280000000000       -27.1010000000000        74.8587391538774     
  -68.2050000000000       -27.6270000000000        79.5476717992452     
  -68.3000000000000       -27.6620000000000        79.6777087631312     
  -67.9760000000000       -27.7410000000000        77.1972564603632     
  -67.7570000000000       -27.6960000000000        74.8643127262240     
  -68.3000000000000       -27.6620000000000        79.6777087631312     
  -67.9760000000000       -27.7410000000000        77.1972564603632     
  -66.1750000000000       -26.1250000000000        73.5688208721380     
  -66.1400000000000       -26.1370000000000        70.3976058768953     
  -66.0670000000000       -26.1250000000000        68.6042005498925     
  -66.0460000000000       -26.1140000000000        69.5683268637736     
  -66.0380000000000       -26.1140000000000        70.1201453629644     
  -66.5020000000000       -26.6940000000000        66.2906724243081     
  -66.4820000000000       -26.6930000000000        66.2244616449664     
  -66.3910000000000       -24.9330000000000        81.7085011493412     
  -66.1750000000000       -26.1250000000000        73.5688208721380     
  -66.1030000000000       -26.1390000000000        68.2420092449257     
  -66.0670000000000       -26.1250000000000        68.6042005498925     
  -66.0570000000000       -26.1130000000000        68.9797913985688     
  -66.0460000000000       -26.1140000000000        69.5683268637736     
  -66.0380000000000       -26.1140000000000        70.1201453629644     
  -66.5020000000000       -26.6940000000000        66.2906724243081     
  -67.6050000000000       -27.0780000000000        75.8519128643306     
  -67.6280000000000       -27.1010000000000        74.8587391538774     
  -67.5570000000000       -27.0390000000000        76.4647136970748     
  -67.5910000000000       -27.0800000000000        77.0248169040799     
  -66.1700000000000       -18.2600000000000        72.9602445396589     
  -64.0210000000000       -19.8040000000000        75.8121953749167     
  -63.7180000000000       -19.8090000000000        75.7896220588099     
  -64.9510000000000       -32.0550000000000        63.5452570646105     
  -64.9620000000000       -32.0540000000000        63.4490176132020     
  -64.9690000000000       -32.0500000000000        63.5115049961320     
  -68.1430000000000       -31.3780000000000        65.8009511343601     
  -67.9820000000000       -31.3880000000000        65.7456791840463     
  -71.1850000000000       -35.8520000000000        76.0384551090129     
  -70.6320000000000       -35.0480000000000        87.2092180029892     
  -70.6320000000000       -35.0480000000000        87.2092180029892     
  -71.0450000000000       -35.6220000000000        80.1344980279319     
  -70.6320000000000       -35.0480000000000        87.2092180029892     
  -70.4740000000000       -34.9190000000000        81.0794173517700     
  -70.4560000000000       -34.9720000000000        82.1488443497908     
  -70.4490000000000       -34.9400000000000        81.8346470295928     
  -70.4340000000000       -34.9620000000000        82.2391451823933     
  -70.4030000000000       -34.9690000000000        81.8735802579421     
  -70.4000000000000       -34.9790000000000        82.1200325455773     
  -70.3770000000000       -34.9810000000000        81.2936112990100     
  -69.1980000000000       -23.2400000000000        68.2801688850398     
  -69.0260000000000       -22.9460000000000        68.9503868861130     
  -68.9610000000000       -23.0430000000000        69.8007293216754     
  -69.1610000000000       -23.0230000000000        68.3675952569636     
  -69.1910000000000       -23.0320000000000        68.9444264107576     
  -69.1770000000000       -23.1250000000000        67.7424663202512     
  -69.1740000000000       -23.0730000000000        68.5069800143136     
  -69.1010000000000       -23.1500000000000        68.7520655961476     
  -69.1070000000000       -23.1230000000000        69.3206823795113     
  -69.1410000000000       -23.1640000000000        68.2733320814709     
  -69.1610000000000       -23.0230000000000        68.3675952569636     
  -69.1910000000000       -23.0320000000000        68.9444264107576     
  -69.1410000000000       -23.1640000000000        68.2733320814709     
  -70.6800000000000       -28.9270000000000        68.1909866811354     
  -70.7680000000000       -28.8030000000000        67.7075207379710     
  -70.9660000000000       -28.9790000000000        65.1785412271952     
  -70.2140000000000       -28.9840000000000        74.3736161327520     
  -70.3060000000000       -29.0090000000000        73.9738243959051     
  -70.1770000000000       -29.9550000000000        73.9784327938962     
  -70.1020000000000       -29.9750000000000        79.7772171171627     
  -70.2460000000000       -29.9870000000000        72.3735035149482     
  -70.3010000000000       -29.9130000000000        72.1415622795894     
  -70.3920000000000       -29.8460000000000        72.3972304746696     
  -70.5920000000000       -30.3780000000000        74.2180172769345     
  -70.7130000000000       -30.7650000000000        71.7038317186289     
  -70.7030000000000       -30.7640000000000        71.7081177454172     
  -70.8070000000000       -31.4640000000000        74.1460712582741     
  -70.7260000000000       -31.4760000000000        73.3698715060992     
  -70.7650000000000       -31.4670000000000        74.0335140915917     
  -70.5880000000000       -31.9880000000000        79.2540304801844     
  -70.7320000000000       -31.8890000000000        72.7822171412831     
  -70.9740000000000       -31.6070000000000        67.9362849667216     
  -70.9810000000000       -31.6090000000000        67.7787681079174     
  -70.9870000000000       -31.6120000000000        67.6697160004226     
  -70.9910000000000       -31.6210000000000        67.5622680896927     
  -70.9590000000000       -31.7510000000000        68.1923135874511     
  -70.1020000000000       -29.9750000000000        79.7772171171627     
  -70.3010000000000       -29.9130000000000        72.1415622795894     
  -70.3920000000000       -29.8460000000000        72.3972304746696     
  -70.5920000000000       -30.3780000000000        74.2180172769345     
  -70.7130000000000       -30.7650000000000        71.7038317186289     
  -70.7030000000000       -30.7640000000000        71.7081177454172     
  -70.8170000000000       -31.1760000000000        72.2827453671407     
  -70.8260000000000       -31.1700000000000        72.2252375704881     
  -70.8070000000000       -31.4640000000000        74.1460712582741     
  -70.7260000000000       -31.4760000000000        73.3698715060992     
  -70.7620000000000       -31.4640000000000        74.1712152590179     
  -70.7650000000000       -31.4670000000000        74.0335140915917     
  -70.7650000000000       -31.4710000000000        73.9504773642911     
  -70.8000000000000       -31.5050000000000        73.5703756837193     
  -70.5880000000000       -31.9880000000000        79.2540304801844     
  -70.7320000000000       -31.8890000000000        72.7822171412831     
  -70.9740000000000       -31.6070000000000        67.9362849667216     
  -70.9810000000000       -31.6090000000000        67.7787681079174     
  -70.9870000000000       -31.6120000000000        67.6697160004226     
  -70.9910000000000       -31.6210000000000        67.5622680896927     
  -66.1580000000000       -27.1500000000000        78.0503982957265     
  -66.1330000000000       -27.1450000000000        76.0500650516655     
  -66.0060000000000       -27.1620000000000        70.4466098884873     
  -65.9830000000000       -27.1740000000000        68.9149855265035     
  -65.9730000000000       -27.1740000000000        68.3513082824543     
  -66.1580000000000       -27.1500000000000        78.0503982957265     
  -66.1330000000000       -27.1450000000000        76.0500650516655     
  -66.1080000000000       -27.2020000000000        75.5443528857540     
  -66.0420000000000       -27.1370000000000        73.1043520736507     
  -66.0060000000000       -27.1620000000000        70.4466098884873     
  -65.9830000000000       -27.1740000000000        68.9149855265035     
  -65.9730000000000       -27.1740000000000        68.3513082824543     
  -65.9600000000000       -27.1880000000000        66.8054005286990     
  -65.7300000000000       -26.2640000000000        65.6932384919314     
  -65.7370000000000       -26.2590000000000        65.8430153656857     
  -66.3690000000000       -26.5370000000000        66.4595550467812     
  -66.3030000000000       -26.6260000000000        64.7125668697142     
  -65.8120000000000       -26.4770000000000        65.2929602029467     
  -65.0450000000000       -26.4440000000000        66.1310098524419     
  -67.4610000000000       -26.1530000000000        70.1601237387822     
  -67.4220000000000       -26.1440000000000        69.2209342735778     
  -66.0420000000000       -27.1370000000000        73.1043520736507     
  -66.0390000000000       -27.1320000000000        73.1134626661382     
  -66.0280000000000       -27.1360000000000        72.6027633481913     
  -66.0140000000000       -27.1500000000000        71.4731051488998     
  -66.0060000000000       -27.1620000000000        70.4466098884873     
  -65.9930000000000       -27.1720000000000        69.5640971352954     
  -65.9830000000000       -27.1740000000000        68.9149855265035     
  -65.9770000000000       -27.1710000000000        68.6933124856877     
  -65.9730000000000       -27.1740000000000        68.3513082824543     
  -70.7180000000000       -32.9870000000000        71.7807526269291     
  -70.7270000000000       -33.9110000000000        75.1440032280811     
  -70.9680000000000       -33.9590000000000        71.7227278605669     
  -70.9850000000000       -33.9740000000000        71.5938874863334     
  -70.9970000000000       -34.0000000000000        71.3557968403376     
  -70.0710000000000       -33.8580000000000        72.6114736599116     
  -70.5980000000000       -32.4870000000000        74.7381563585811     
  -70.6050000000000       -32.4830000000000        74.7885217906780     
  -70.5760000000000       -32.5010000000000        74.8086257671978     
  -70.5940000000000       -32.5020000000000        75.2612256884368     
  -70.1110000000000       -33.8320000000000        72.9645017826506     
  -70.3450000000000       -33.6740000000000        74.8778895347574     
  -70.2530000000000       -34.4040000000000        78.3505044561987     
  -70.1420000000000       -33.8220000000000        73.6953911362387     
  -70.1660000000000       -34.4230000000000        80.0687719343457     
  -70.2980000000000       -34.3700000000000        77.6961635301759     
  -70.1850000000000       -34.4350000000000        79.9185606064756     
  -70.1430000000000       -33.4990000000000        73.1958110640996     
  -70.1400000000000       -34.4260000000000        80.7329699378162     
  -70.0090000000000       -33.8140000000000        71.6244392942206     
  -70.0850000000000       -33.8340000000000        72.7154210621190     
  -70.5900000000000       -34.2030000000000        78.3854117775951     
  -70.3570000000000       -32.9190000000000        80.7751750024660     
  -70.3640000000000       -32.9010000000000        81.1347386053001     
  -70.8520000000000       -34.4780000000000        70.6008981746173     
  -70.7930000000000       -35.8240000000000        74.6133542752972     
  -70.5980000000000       -32.4870000000000        74.7381563585811     
  -70.5940000000000       -32.5020000000000        75.2612256884368     
  -70.5870000000000       -32.5390000000000        76.6620747924361     
  -70.1400000000000       -34.4260000000000        80.7329699378162     
  -70.5900000000000       -34.2030000000000        78.3854117775951     
  -70.2550000000000       -33.0820000000000        76.3115120090567     
  -70.2550000000000       -33.0960000000000        76.0189673900938     
  -70.2100000000000       -33.8100000000000        74.9099677512209     
  -70.2150000000000       -33.8250000000000        74.8465359683741     
  -70.0200000000000       -34.0100000000000        72.2564359595909     
  -70.2750000000000       -34.0430000000000        74.5987705800557     
  -70.1190000000000       -34.0870000000000        72.4905089096438     
  -70.3230000000000       -34.2380000000000        76.3261570579863     
  -70.1350000000000       -34.4420000000000        80.5225918411599     
  -70.1350000000000       -34.4420000000000        80.5225918411599     
  -70.5420000000000       -34.5580000000000        78.8060806635067     
  -70.2410000000000       -34.5960000000000        78.3633759040219     
  -70.5420000000000       -34.5580000000000        78.8060806635067     
  -69.2500000000000       -24.2420000000000        72.7103667066798     
  -69.2500000000000       -24.2420000000000        72.7103667066798     
  -69.1150000000000       -24.2660000000000        70.0002669767752     
  -69.1150000000000       -24.2660000000000        70.0002669767752     
  -69.1140000000000       -24.2770000000000        69.3535622522546     
  -69.0870000000000       -24.1570000000000        70.8420002863122     
  -69.5530000000000       -23.4700000000000        68.4993508801850     
  -69.5970000000000       -23.3880000000000        68.2534915533059     
  -70.8800000000000       -28.9840000000000        65.5871219675289     
  -70.8800000000000       -28.9840000000000        65.5871219675289     
  -69.5920000000000       -35.5760000000000        77.6963008441480     
  -69.4310000000000       -35.5630000000000        80.7584190231429     
  -69.9290000000000       -35.8690000000000        84.1433305563484     
  -69.8770000000000       -35.8740000000000        79.7284271932163     
  -68.0320000000000       -30.1430000000000        74.1727294777857     
  -67.8420000000000       -30.1630000000000        71.7551273631892     
  -69.5390000000000       -28.0180000000000        71.0618734047095     
  -69.8850000000000       -28.0040000000000        69.9837951288988     
  -69.8490000000000       -28.0840000000000        70.2608612092266     
  -69.5960000000000       -28.0860000000000        70.1090032782019     
  -69.7630000000000       -28.1020000000000        68.2791643017056     
  -70.2730000000000       -29.8140000000000        74.5642717047300     
  -70.2780000000000       -29.8110000000000        74.4862097223941     
  -70.2790000000000       -29.8040000000000        74.6673461987440     
  -70.2680000000000       -29.7960000000000        74.8262460261670     
  -70.2720000000000       -29.7910000000000        74.8232608466190     
  -70.2940000000000       -29.7910000000000        74.3646957035515     
  -70.3030000000000       -29.7880000000000        74.2011332893405     
  -70.3210000000000       -29.7880000000000        73.2440887193072     
  -70.4160000000000       -29.8480000000000        72.3680489513264     
  -70.5300000000000       -29.9120000000000        71.7050790085015     
  -69.4720000000000       -29.9260000000000        72.3050837213326     
  -70.2780000000000       -29.8110000000000        74.4862097223941     
  -70.2790000000000       -29.8040000000000        74.6673461987440     
  -70.2940000000000       -29.7910000000000        74.3646957035515     
  -70.3030000000000       -29.7880000000000        74.2011332893405     
  -70.3210000000000       -29.7880000000000        73.2440887193072     
  -66.6420000000000       -26.9780000000000        66.2703238790033     
  -65.3390000000000       -26.8100000000000        67.3494376705079     
  -65.6700000000000       -27.0540000000000        65.5126547791751     
  -65.6580000000000       -27.0290000000000        65.7932749997242     
  -65.0530000000000       -26.4160000000000        66.0750250877585     
  -65.5270000000000       -26.3800000000000        66.5052245931074     
  -65.4330000000000       -26.3880000000000        69.7844299224688     
  -66.3740000000000       -27.5020000000000        63.4283416591544     
  -66.3830000000000       -27.4930000000000        63.4012527575201     
  -66.3930000000000       -27.4810000000000        63.6018051794846     
  -66.3930000000000       -27.4690000000000        63.7575827787583     
  -66.3960000000000       -27.4570000000000        64.0670721889862     
  -66.4130000000000       -27.4450000000000        64.6413732048327     
  -66.4110000000000       -27.4200000000000        65.4135872463953     
  -66.2720000000000       -27.3400000000000        71.2197553147514     
  -66.2790000000000       -27.3420000000000        71.1367618814464     
  -66.2970000000000       -27.3470000000000        70.7254054097897     
  -66.3260000000000       -27.3600000000000        68.3858521647398     
  -66.3450000000000       -27.3530000000000        69.4860778069285     
  -66.3450000000000       -27.3380000000000        69.8992890458261     
  -66.1650000000000       -27.6330000000000        64.5507713077318     
  -64.8100000000000       -28.1370000000000        78.9298554815900     
  -65.3390000000000       -26.8100000000000        67.3494376705079     
  -65.6700000000000       -27.0540000000000        65.5126547791751     
  -65.6580000000000       -27.0290000000000        65.7932749997242     
  -65.6630000000000       -26.9870000000000        66.0634519710071     
  -65.0510000000000       -26.4350000000000        66.1446821809429     
  -66.3740000000000       -27.5020000000000        63.4283416591544     
  -66.3930000000000       -27.4810000000000        63.6018051794846     
  -66.3960000000000       -27.4570000000000        64.0670721889862     
  -66.2720000000000       -27.3400000000000        71.2197553147514     
  -66.2790000000000       -27.3420000000000        71.1367618814464     
  -66.2970000000000       -27.3470000000000        70.7254054097897     
  -66.3260000000000       -27.3600000000000        68.3858521647398     
  -66.3450000000000       -27.3530000000000        69.4860778069285     
  -66.3470000000000       -27.3460000000000        69.8581060714294     
  -66.3450000000000       -27.3380000000000        69.8992890458261     
  -66.1830000000000       -27.6370000000000        64.6814212500310     
  -68.4240000000000       -22.7010000000000        68.2332390618696     
  -68.3970000000000       -22.7140000000000        67.9290921951756     
  -68.6720000000000       -23.1410000000000        68.4897345029656     
  -68.7130000000000       -23.0780000000000        68.1704215075361     
  -68.4370000000000       -22.5370000000000        68.2998209977821     
  -68.6720000000000       -23.1410000000000        68.4897345029656     
  -69.8760000000000       -35.8740000000000        79.5425591683321     
  -69.7160000000000       -34.8020000000000        75.0120168666700     
  -70.0800000000000       -35.1860000000000        78.3981817249701     
  -69.5940000000000       -35.5510000000000        75.6587726826278     
  -69.6850000000000       -34.9620000000000        73.5356922392919     
  -69.9140000000000       -35.5150000000000        79.0064026231499     
  -69.5590000000000       -32.7770000000000        72.4261217382224     
  -69.5820000000000       -32.8040000000000        71.7911727823983     
  -69.6540000000000       -33.7290000000000        65.2166652514471     
  -69.6260000000000       -33.7000000000000        65.9202261679032     
  -69.6160000000000       -33.6960000000000        66.5326138218874     
