   61.37000       3.890000       57.16729       4.000000       1460.000    
   19.32000       3.260000       13.14687       3.000000       1460.000    
   28.00000       1.300000       28.35055       1.000000       1460.000    
   76.89000       3.880000       56.44785       4.000000       1386.000    
   53.40000       6.450000       56.63298       4.000000       1057.000    
   14.83000       4.250000       13.37475       3.000000       1057.000    
   34.60000       3.600000       29.48343       1.000000       1057.000    
   16.57000       3.270000       14.04989       3.000000       976.0000    
   32.72000       2.380000       48.79879       4.000000       732.0000    
   12.11000       1.710000       10.96190       3.000000       732.0000    
   29.30000       2.100000       25.52466       1.000000       732.0000    
   48.36000       1.540000       53.69975       4.000000       600.0000    
   74.68000       4.960000       79.15749       4.000000       212.0000    
   39.45000       1.630000       27.41251       3.000000       212.0000    
   76.37000       5.980000       72.64172       4.000000       265.0000    
   75.20000       2.220000       75.64626       4.000000       950.0000    
   29.92000       4.860000       26.11635       3.000000       950.0000    
   15.51000       1.910000       16.82014       3.000000       1875.000    
   49.39000       2.070000       57.64311       4.000000       1599.000    
   20.29000       5.900000       12.28087       3.000000       1599.000    
   26.29000       2.300000       17.19421       3.000000       1389.000    
   27.20000       2.100000       34.62610       1.000000       1389.000    
   52.52000       19.32000       57.04286       4.000000       1552.000    
   17.87000       5.530000       16.62368       3.000000       2015.000    
   30.30000       1.500000       32.82552       1.000000       2015.000    
   48.36000       3.660000       72.08797       4.000000       740.0000    
   33.81000       1.690000       25.33681       3.000000       740.0000    
   56.75000       4.460000       69.70898       4.000000       1056.000    
   29.62000       4.690000       23.43464       3.000000       1056.000    
   11.87000       5.210000       17.28688       3.000000       2630.000    
   35.10000       2.000000       38.33506       1.000000       2630.000    
   35.16000       8.520000       19.00962       3.000000       2390.000    
   38.06000       1.580000       68.69749       4.000000       2390.000    
   55.50000       8.380000       38.81614       3.000000       610.0000    
   65.04000       6.460000       80.99600       4.000000       861.0000    
   47.05000       9.030000       37.89646       3.000000       861.0000    
   37.68000       1.400000       34.40364       3.000000       1386.000    
   43.73000       3.310000       33.85169       3.000000       733.0000    
   13.25000      0.1500000       13.86153       3.000000       1285.000    
   41.40000       3.400000       34.39168       1.000000       1285.000    
   30.95000       4.520000       63.51879       4.000000       1885.000    
   27.25000      0.8300000       16.92455       3.000000       1885.000    
   35.00000       5.000000       34.56731       1.000000       1885.000    
   19.53000       2.600000       17.83720       3.000000       2170.000    
   63.57000       1.880000       53.65066       4.000000       1690.000    
   16.81000       1.650000       12.68226       3.000000       1690.000    
   26.70000       2.700000       27.15193       1.000000       1690.000    
   34.26000       1.090000       48.10719       4.000000       1855.000    
   37.52000       3.370000       32.77289       3.000000       1121.000    
   53.42000       12.15000       80.78136       4.000000       2078.000    
   51.77000       1.560000       38.79947       3.000000       2078.000    
   61.18000       1.860000       78.06055       4.000000       1053.000    
   37.44000       1.240000       80.08660       4.000000       750.0000    
   49.65000       3.350000       28.81053       3.000000       750.0000    
   54.04000       6.410000       37.34544       3.000000       1075.000    
   52.96000       3.000000       70.91792       4.000000       984.0000    
   32.39000       2.430000       26.37023       3.000000       984.0000    
   32.52000       2.430000       65.55413       4.000000       2436.000    
   27.01000       1.370000       21.39180       3.000000       2436.000    
   50.46000       5.800000       65.47531       4.000000       1704.000    
   22.84000       5.330000       18.54272       3.000000       1704.000    
   59.33000       8.070000       65.56418       4.000000       1578.000    
   53.39000       2.050000       68.38152       4.000000       918.0000    
   30.25000       4.280000       23.34400       3.000000       918.0000    
   12.49000       3.650000       14.50845       3.000000       1732.000    
   53.72000       3.820000       29.07847       3.000000       2386.000    
   36.08000      0.6000000       38.17711       3.000000       3416.000    
   36.94000       2.350000       39.86963       3.000000       3641.000    
   61.20000       1.700000       77.66037       4.000000       929.0000    
   36.40000       8.020000       31.02814       3.000000       929.0000    
   49.11000       1.470000       78.36898       4.000000       1363.000    
   43.40000       1.020000       30.91425       3.000000       1363.000    
   35.50000      0.4400000       28.72611       3.000000       2728.000    
   62.54000       15.56000       75.46903       4.000000       2954.000    
   72.71000       8.540000       75.77280       4.000000       3128.000    
   35.19000       2.400000       29.13724       3.000000       3128.000    
   24.74000      0.5800000       22.96316       3.000000       2739.000    
   37.13000       3.990000       65.94068       4.000000       2632.000    
   78.34000       6.040000       79.30816       4.000000       982.0000    
   78.07000       12.08000       76.50652       4.000000       950.0000    
   40.92000       5.970000       33.40799       3.000000       1724.000    
   40.61000       3.440000       28.63383       3.000000       1740.000    
   46.70000       1.600000       74.82503       4.000000       1764.000    
   37.57000       6.380000       27.68844       3.000000       1764.000    
   20.81000       3.070000       21.90113       3.000000       1966.000    
   57.30000       10.95000       65.90396       4.000000       1510.000    
   50.05000       5.680000       71.79699       4.000000       2708.000    
   30.01000       1.650000       25.93216       3.000000       2708.000    
   49.40000       1.870000       37.06610       3.000000       831.0000    
   20.98000       7.310000       25.14597       3.000000       1305.000    
   61.86000       6.460000       76.76551       4.000000       2135.000    
   65.80000      0.7500000       74.79532       4.000000       1952.000    
   21.82000      0.2100000       24.54214       3.000000       1952.000    
   44.43000       1.010000       72.25767       4.000000       1784.000    
   34.33000       2.190000       25.79347       3.000000       1784.000    
   39.44000       2.960000       75.71653       4.000000       2338.000    
   36.75000       7.940000       26.78420       3.000000       2338.000    
   32.70000       1.110000       26.09940       3.000000       1336.000    
   36.78000       4.330000       28.48013       3.000000       2758.000    
   79.79000       9.810000       79.98698       4.000000       1088.000    
   48.91000       6.540000       31.95329       3.000000       1088.000    
   40.80000       4.300000       59.93534       1.000000       1088.000    
   76.44000       4.580000       80.52763       4.000000       3817.000    
   49.28000       13.44000       37.61994       3.000000       3817.000    
   54.10000       5.400000       62.54995       1.000000       3817.000    
   64.42000       2.890000       41.52602       3.000000       4020.000    
   48.90000       2.800000       70.11472       1.000000       4020.000    
   36.77000      0.2400000       28.63315       3.000000       2700.000    
   35.90000       5.000000       50.37199       1.000000       2700.000    
   16.50000      0.9900000       20.88121       3.000000       1091.000    
   69.55000       22.53000       76.04848       4.000000       1162.000    
   32.10000       3.330000       26.58930       3.000000       2604.000    
   30.00000       4.300000       47.45913       1.000000       2604.000    
   31.10000       3.320000       28.88939       3.000000       2007.000    
   61.80000       5.000000       51.85567       1.000000       2007.000    
   33.12000       3.920000       75.28189       4.000000       2804.000    
   32.88000      0.7800000       24.35971       3.000000       2804.000    
   60.18000       7.410000       77.97501       4.000000       3166.000    
   35.81000      0.7000000       27.31382       3.000000       3166.000    
   33.50000       2.400000       46.92607       1.000000       3166.000    
   37.20000       2.440000       29.06789       3.000000       3433.000    
   37.20000       2.200000       49.78620       1.000000       3433.000    
   33.67000       2.830000       32.48780       3.000000       3762.000    
   50.80000       2.300000       54.47668       1.000000       3762.000    
   30.49000      0.3100000       29.78477       3.000000       3304.000    
   60.30000       5.900000       52.50663       1.000000       3304.000    
   40.29000       2.960000       34.79853       3.000000       3614.000    
   57.95000       4.630000       80.10526       4.000000       1716.000    
   51.46000      0.3900000       32.61251       3.000000       1716.000    
   51.20000       6.700000       57.65509       1.000000       1716.000    
   53.88000       7.570000       33.11728       3.000000       2814.000    
   36.40000       3.300000       60.86570       1.000000       2814.000    
   30.09000       1.970000       29.15862       3.000000       3625.000    
   42.30000       4.800000       52.72647       1.000000       3625.000    
   40.96000       1.180000       32.69018       3.000000       3054.000    
   49.60000       2.700000       55.32989       1.000000       3054.000    
   42.59000       7.420000       36.27205       3.000000       3441.000    
   37.43000       4.980000       32.87636       3.000000       3506.000    
   33.41000       2.140000       24.11970       3.000000       3619.000    
   24.00000       3.300000       47.84413       1.000000       3619.000    
   79.82000       6.760000       80.91398       4.000000       653.0000    
   51.41000       2.840000       34.23957       3.000000       653.0000    
   60.01000       10.77000       34.38776       3.000000       1265.000    
   35.90000       4.500000       67.56389       1.000000       1265.000    
   72.77000       3.130000       41.84543       3.000000       1254.000    
   74.20000       4.400000       79.09094       1.000000       1254.000    
   26.97000       4.720000       26.14872       3.000000       1510.000    
   64.65000       5.000000       79.14949       4.000000       2755.000    
   38.62000       5.740000       28.18634       3.000000       2755.000    
   40.22000       2.300000       51.42483       1.000000       2755.000    
   45.68000       1.940000       33.98182       3.000000       3132.000    
   28.96000       2.900000       28.38065       3.000000       2436.000    
   41.03000       2.210000       35.40499       3.000000       1907.000    
   26.73000       8.400000       24.24042       3.000000       2098.000    
   42.09000       1.360000       33.81954       3.000000       3410.000    
   48.23000       7.160000       32.24132       3.000000       1319.000    
   50.22000       17.09000       64.50388       4.000000       876.0000    
   50.88000       17.85000       56.83026       4.000000       1089.000    
   25.90000       1.800000       31.01882       1.000000       1089.000    
   51.94000       1.920000       74.66458       4.000000       710.0000    
   40.50000       3.000000       40.76214       1.000000       2032.000    
   24.60000       1.300000       24.49111       1.000000       1298.000    
   30.20000       2.340000       24.38459       3.000000       2864.000    
   32.60000       1.900000       40.21692       1.000000       2864.000    
   33.40000       3.500000       31.02042       1.000000       2570.000    
   46.52000       2.410000       57.36792       4.000000       2570.000    
   72.20000       5.700000       60.24578       1.000000       2220.000    
   59.10000       3.000000       59.31829       1.000000       2225.000    
   73.90000       5.800000       57.87585       1.000000       2398.000    
   16.94000       5.080000       15.52492       3.000000       960.0000    
   26.32000       4.890000       24.65489       3.000000       524.0000    
   35.22000       5.250000       27.76947       3.000000       306.0000    
   35.50000       9.170000       25.93603       3.000000       508.0000    
   18.88000       6.370000       15.93475       3.000000       1114.000    
   25.04000       3.400000       21.14119       3.000000       1392.000    
   15.45000       3.190000       23.55783       3.000000       2065.000    
   29.17000       5.550000       25.78329       3.000000       2259.000    
   3.910000       1.620000       3.676228       3.000000       1062.000    
   9.590000      0.2400000       8.390958       3.000000       1470.000    
   25.42000       6.990000       17.30073       3.000000       1858.000    
   18.44000       3.040000       23.65807       3.000000       2267.000    
   31.81000       14.11000       29.26373       3.000000       2645.000    
   4.990000       1.100000       2.919822       3.000000       1160.000    
   4.390000      0.3900000       4.500535       3.000000       1116.000    
   21.84000       4.000000       10.87078       3.000000       1515.000    
   19.96000       4.200000       14.76534       3.000000       1908.000    
   18.07000       7.050000       16.64928       3.000000       2260.000    
   10.73000       2.040000       18.90608       3.000000       2474.000    
   11.00000       2.780000       9.593064       3.000000       790.0000    
   1.760000       1.240000       1.377533       3.000000       1313.000    
   1.480000      0.2500000       1.213663       3.000000       1559.000    
   7.960000      0.7000000       6.205112       1.000000       1559.000    
   1.240000      0.2800000       1.227661       3.000000       1918.000    
   7.130000      0.8000000       5.148028       1.000000       1918.000    
   1.460000      0.2000000       1.448201       3.000000       2280.000    
   3.460000       1.250000       1.783130       3.000000       2575.000    
   1.400000      0.2500000       1.164777       3.000000       1274.000    
  0.5200000      0.1800000      0.8247550       3.000000       2012.000    
   6.730000      0.9500000       1.657806       1.000000       2012.000    
   1.140000      0.5000000       1.014408       3.000000       2374.000    
   1.390000      0.1700000       1.154172       3.000000       2670.000    
  0.8600000      7.9999998E-02   1.131632       3.000000       2934.000    
   7.120000       1.100000       1.968255       1.000000       2934.000    
   1.570000      0.5500000       1.289669       3.000000       1030.000    
   8.280000       3.740000       7.264724       3.000000       2095.000    
   16.32000       3.740000       12.34816       3.000000       3693.000    
   13.87000       3.540000       9.603774       3.000000       3256.000    
   17.49000       6.160000       22.76399       3.000000       4366.000    
   13.41000       2.320000       17.18913       3.000000       4110.000    
   10.50000       2.730000       12.32461       3.000000       3671.000    
   41.97000       17.14000       59.23390       4.000000       2095.000    
   19.74000       4.340000       14.40189       3.000000       1407.000    
   23.03000      0.6700000       15.47919       3.000000       1079.000    
   56.37000       24.22000       35.15634       3.000000       3399.000    
   10.96000       3.350000       10.29166       3.000000       1480.000    
   13.81000       1.340000       12.54771       3.000000       950.0000    
   14.84000       4.480000       15.26892       3.000000       2190.000    
   14.69000       3.860000       13.07710       3.000000       1700.000    
   25.52000       2.830000       30.95847       3.000000       4335.000    
   23.35000       2.310000       23.58246       3.000000       3300.000    
   61.91000       14.28000       56.44955       4.000000       950.0000    
   79.38000       22.74000       65.16106       4.000000       2190.000    
   70.07000       23.71000       60.01123       4.000000       1700.000    
   67.67000       4.850000       76.21368       4.000000       3300.000    
   1.440000      0.3700000       1.288572       3.000000       1805.000    
   3.850000      0.1600000       2.685456       3.000000       1278.000    
   3.820000      9.9999998E-03   3.031110       3.000000       1003.000    
   32.90000       4.700000       23.32863       3.000000       4230.000    
   12.10000       2.300000       12.53292       3.000000       4034.000    
   15.20000       3.400000       13.26902       3.000000       3031.000    
   13.70000       1.800000       11.92755       3.000000       2957.000    
   12.40000      0.7000000       11.45975       3.000000       2922.000    
   20.90000       3.700000       24.38012       1.000000       2922.000    
   34.90000       2.900000       24.65050       3.000000       3800.000    
   20.30000       2.700000       17.61656       3.000000       3985.000    
   12.10000      0.3500000       11.86784       3.000000       3463.000    
   26.60000       1.400000       44.82052       4.000000       3161.000    
   15.30000       7.800000       11.94509       3.000000       2578.000    
   34.30000       3.900000       40.46783       4.000000       2578.000    
   35.10000       3.100000       60.42454       4.000000       3842.000    
   28.70000       7.900000       45.46690       4.000000       3438.000    
   22.40000       2.200000       16.24619       3.000000       3880.000    
   35.70000       5.000000       54.20109       4.000000       3880.000    
   24.10000       2.000000       13.95865       3.000000       3491.000    
   29.10000       2.300000       50.80477       4.000000       3491.000    
   39.20000       5.800000       50.87010       4.000000       3883.000    
   26.10000       2.200000       29.90265       1.000000       3440.000    
   34.90000       6.700000       50.17289       4.000000       3859.000    
   29.90000       1.800000       13.64937       3.000000       3075.000    
   24.40000       1.700000       53.75758       4.000000       3075.000    
   25.70000       1.300000       47.82948       4.000000       2665.000    
   21.10000       3.700000       15.35389       3.000000       2128.000    
   11.80000       2.100000       10.59711       3.000000       2118.000    
   24.10000       1.600000       55.30982       4.000000       2118.000    
   48.50000       2.000000       59.16821       4.000000       2146.000    
   24.90000       4.600000       14.11853       3.000000       2223.000    
   16.46000       1.400000       13.56796       3.000000       2274.000    
   18.20000       1.500000       36.63535       1.000000       2274.000    
   20.20000       1.400000       14.11788       3.000000       2335.000    
   17.20000       3.900000       13.88128       3.000000       2335.000    
   11.40000      0.3500000       13.30786       3.000000       2340.000    
   23.80000       3.800000       14.19319       3.000000       1972.000    
   18.50000       1.500000       36.23824       1.000000       1972.000    
   19.00000      0.5500000       15.03895       3.000000       2400.000    
   14.10000       1.200000       11.07189       3.000000       2187.000    
   18.50000       3.100000       35.37389       1.000000       2187.000    
   14.50000       2.400000       11.60459       3.000000       2232.000    
   20.50000       1.700000       15.30799       3.000000       2150.000    
   13.10000      0.6000000       9.791029       3.000000       2305.000    
   15.10000       1.700000       36.15616       1.000000       2305.000    
   38.10000       5.600000       11.95132       3.000000       2424.000    
   11.10000      0.5000000       9.100156       3.000000       2482.000    
   18.60000       1.700000       35.33609       1.000000       2482.000    
   7.900000      0.9000000       6.350691       3.000000       2176.000    
   18.80000       1.700000       26.66325       1.000000       2176.000    
   7.800000      0.4000000       6.212217       3.000000       2113.000    
   16.70000       1.600000       26.10345       1.000000       2113.000    
   7.800000      0.7000000       6.441527       3.000000       2095.000    
   9.400000      0.7000000       8.229243       3.000000       1958.000    
   29.20000       8.400000       7.829069       3.000000       1767.000    
   11.10000       1.100000       36.24751       1.000000       1767.000    
   9.200000       1.200000       16.06045       1.000000       1760.000    
   7.300000       2.700000       5.513059       3.000000       1749.000    
   6.600000      0.8000000       5.340350       3.000000       1623.000    
   5.900000      0.5000000       4.887339       3.000000       1575.000    
   15.80000       2.900000       17.75184       1.000000       1575.000    
   7.100000      0.8000000       5.059313       3.000000       1624.000    
   8.000000       1.200000       21.47516       1.000000       1624.000    
   5.500000       1.100000       4.078417       3.000000       1468.000    
   10.10000       1.600000       14.68383       1.000000       1468.000    
   5.300000      0.6000000       4.575801       3.000000       1368.000    
   5.600000      0.8000000       4.536152       3.000000       1256.000    
   6.800000       2.250000       5.188353       3.000000       966.0000    
   5.600000      0.7000000       5.471108       3.000000       1072.000    
   10.20000       2.800000       7.372816       3.000000       1200.000    
   7.100000      0.9000000       6.560244       3.000000       1141.000    
   3.400000      0.3000000       3.012371       3.000000       572.0000    
   3.800000      0.3000000       3.013770       3.000000       570.0000    
   3.800000      0.2500000       3.018445       3.000000       468.0000    
   3.600000      0.6000000       2.871535       3.000000       469.0000    
   4.000000      0.3000000       2.868016       3.000000       473.0000    
   6.300000       1.500000       14.74206       1.000000       473.0000    
   5.300000       1.900000       4.617860       3.000000       1287.000    
   1.600000      0.3000000       1.496467       3.000000       1129.000    
   3.300000       1.200000       2.866111       3.000000       662.0000    
   49.24000       5.480000       38.72483       3.000000       3.000000    
   12.62000       2.580000       33.42460       3.000000       157.0000    
   62.10000       5.680000       45.09156       3.000000       265.0000    
   55.29000       15.10000       47.17955       3.000000       527.0000    
   61.58000       2.920000       45.72952       3.000000       1045.000    
   62.19000       1.900000       72.77531       4.000000       2006.000    
   24.53000       1.960000       21.09632       3.000000       89.00000    
   43.02000       2.080000       29.80938       3.000000       10.00000    
   28.36000       9.510000       25.53599       3.000000       2198.000    
   51.09000       1.530000       74.88985       4.000000       2198.000    
   34.43000       13.42000       26.58378       3.000000       2499.000    
   23.83000       4.230000       27.17728       3.000000       2648.000    
   57.61000       2.570000       33.82709       3.000000       5.000000    
   65.09000       10.36000       37.60353       3.000000       2271.000    
   46.73000       5.760000       36.46724       3.000000       1706.000    
   46.29000       4.150000       35.76922       3.000000       1731.000    
   36.11000       2.070000       35.19703       3.000000       1758.000    
   38.96000       16.94000       40.41652       3.000000       1924.000    
   32.60000       7.390000       44.67949       3.000000       2224.000    
   57.91000       7.140000       38.52834       3.000000       1287.000    
   11.96000       1.260000       19.64031       3.000000       2996.000    
   49.64000       2.180000       35.52888       3.000000       1749.000    
   40.90000       6.140000       34.15154       3.000000       1955.000    
   60.52000       3.480000       80.14594       4.000000       1955.000    
   13.16000       3.440000       11.24541       3.000000       2273.000    
   11.15000       3.650000       11.52004       3.000000       2239.000    
   41.87000       1.610000       30.76082       3.000000       1955.000    
   36.67000       1.650000       28.78373       3.000000       2537.000    
   22.47000       2.810000       18.07632       3.000000       3017.000    
   16.89000       3.580000       16.36508       3.000000       2857.000    
   2.720000      0.1300000       1.944421       3.000000       2330.000    
   3.230000      0.1700000       2.031563       3.000000       1220.000    
   2.130000      0.1000000       1.823331       3.000000       1878.000    
   2.760000      0.2300000       9.768374       4.000000       3248.000    
   9.710000      0.2300000       34.30729       4.000000       1084.000    
   5.170000      9.0000004E-02   32.89927       4.000000       2608.000    
   2.110000      0.2000000       1.473707       3.000000       2608.000    
   4.040000      0.2700000       3.192062       3.000000       1444.000    
   5.010000      0.3200000       5.517091       4.000000       2345.000    
   42.00000       3.000000       32.45895       3.000000       10.00000    
   44.00000       3.000000       35.15824       3.000000       22.00000    
   65.00000       16.00000       41.23458       3.000000       25.00000    
   52.00000       6.000000       31.88218       3.000000       44.00000    
   74.00000       3.000000       40.36950       3.000000       44.00000    
   48.00000       4.000000       34.90261       3.000000       109.0000    
   46.00000       9.000000       30.45774       3.000000       116.0000    
   42.00000       12.00000       36.27853       3.000000       140.0000    
   39.00000       4.000000       27.57343       3.000000       184.0000    
   38.00000       4.000000       37.80785       3.000000       200.0000    
   38.00000       2.000000       37.80646       3.000000       200.0000    
   48.00000       7.000000       38.10579       3.000000       230.0000    
   45.00000       4.000000       41.69421       3.000000       300.0000    
   39.00000       11.00000       44.02213       3.000000       400.0000    
   52.00000       9.000000       47.11935       3.000000       500.0000    
   40.00000       4.000000       49.38226       3.000000       600.0000    
   48.00000       6.000000       52.03842       3.000000       700.0000    
   51.00000       5.000000       53.98569       3.000000       800.0000    
   43.00000       3.000000       55.95061       3.000000       900.0000    
   47.00000       14.00000       58.00923       3.000000       1000.000    
   63.00000       14.00000       59.92972       3.000000       1100.000    
   72.00000       6.000000       62.00317       3.000000       1200.000    
   71.00000       7.000000       66.60708       3.000000       1450.000    
   65.00000       17.00000       68.39217       3.000000       1550.000    
   78.00000       7.000000       73.30014       3.000000       1800.000    
   76.00000       7.000000       74.62271       3.000000       1900.000    
   46.60000       1.380000       24.52165       3.000000       2825.000    
   36.75000       1.180000       41.11798       3.000000       4631.000    
   41.82000       3.470000       40.45735       3.000000       4483.000    
   48.05000       2.610000       38.36680       3.000000       4367.000    
   5.700000       1.400000       5.321588       3.000000       1758.000    
   14.15000       3.620000       18.41900       3.000000       4547.000    
   35.13000       1.210000       29.23356       3.000000       76.00000    
   43.85000       4.720000       25.46628       3.000000       1743.000    
   26.74000       2.180000       19.67190       3.000000       2376.000    
   48.86000       2.610000       32.44971       3.000000       2472.000    
   52.33000       3.030000       48.27107       3.000000       2232.000    
   47.23000       1.370000       47.48344       3.000000       2165.000    
   43.56000       4.570000       45.94441       3.000000       2097.000    
   45.65000       2.950000       45.07428       3.000000       2041.000    
   46.51000       2.970000       40.88736       3.000000       1937.000    
   52.39000      0.8100000       45.25912       3.000000       2056.000    
   40.85000       3.080000       42.01744       3.000000       1855.000    
   42.42000       2.180000       40.03974       3.000000       1768.000    
   53.15000       1.500000       37.08844       3.000000       1662.000    
   43.69000       1.670000       35.28230       3.000000       1598.000    
   21.35000       1.360000       20.19339       3.000000       2489.000    
   59.37000       3.280000       36.33595       3.000000       2193.000    
   50.74000       2.550000       47.61137       3.000000       4384.000    
   49.94000      9.0000004E-02   46.40997       3.000000       4274.000    
   42.92000       3.250000       43.10997       3.000000       4069.000    
   46.23000       4.220000       38.97104       3.000000       3784.000    
   40.47000       4.700000       36.82794       3.000000       3655.000    
   58.10000       1.220000       80.53639       4.000000       4274.000    
   58.49000       2.800000       79.87324       4.000000       3655.000    
   47.10000       7.200000       79.67825       4.000000       1519.000    
   54.40000       3.890000       79.44093       4.000000       1743.000    
   50.80000       3.400000       60.02995       1.000000       1638.000    
   23.70000       3.500000       50.80616       1.000000       3160.000    
   43.50000       3.300000       44.69610       1.000000       520.0000    
   58.20000       5.100000       56.89913       1.000000       76.00000    
   62.10000       14.00000       52.36928       1.000000       725.0000    
   33.10000       3.500000       56.26160       1.000000       1519.000    
   29.10000       3.800000       51.88906       1.000000       1743.000    
   46.20000       8.200000       52.53935       1.000000       1406.000    
   25.10000       3.000000       28.74301       1.000000       2439.000    
   43.70000       3.400000       53.84535       1.000000       2935.000    
   30.30000       7.800000       39.24911       1.000000       2726.000    
   23.20000       2.300000       38.02607       1.000000       2376.000    
   29.40000       4.000000       40.74474       1.000000       2554.000    
   27.40000       3.400000       37.25428       1.000000       2336.000    
   49.60000       7.100000       58.68254       1.000000       2472.000    
   78.70000       11.60000       59.43767       1.000000       978.0000    
   38.60000       5.600000       38.91198       1.000000       2439.000    
   50.80000       7.600000       58.43114       1.000000       2484.000    
   30.30000       3.000000       51.06577       1.000000       3181.000    
   43.20000       6.800000       46.15139       1.000000       4144.000    
   30.30000       2.800000       31.53880       1.000000       3668.000    
   13.80000       3.000000       20.17972       1.000000       3747.000    
   19.40000       1.400000       26.47014       1.000000       2371.000    
   17.80000       1.500000       24.67462       1.000000       2051.000    
   14.20000       2.900000       18.00638       1.000000       3550.000    
   21.90000       2.400000       29.35225       3.000000       638.0000    
   59.10000       8.910000       38.33168       3.000000       689.0000    
   45.55000       6.720000       36.19738       3.000000       692.0000    
   62.95000       2.620000       37.23336       3.000000       908.0000    
   5.170000      0.9300000       5.024156       3.000000       636.0000    
   77.90000       17.82000       40.17884       3.000000       705.0000    
   56.80000       12.38000       34.49250       3.000000       538.0000    
   19.00000       2.700000       19.94802       1.000000       1485.000    
   13.00000       1.500000       19.60276       1.000000       1480.000    
   4.200000       1.100000       9.955445       1.000000       1595.000    
   7.600000       2.200000       8.770023       1.000000       1687.000    
   7.100000       1.100000       7.708768       1.000000       1719.000    
   3.000000       1.500000       3.774643       1.000000       2519.000    
   30.00000       2.000000       34.99323       1.000000       2880.000    
   31.00000       3.000000       35.94217       1.000000       2970.000    
   29.00000       3.000000       35.77448       1.000000       3090.000    
   38.00000       3.000000       37.76749       1.000000       3240.000    
   16.90000      0.9000000       20.02173       1.000000       2500.000    
   15.60000      0.7000000       14.83316       1.000000       2810.000    
   16.00000      0.7000000       13.26213       1.000000       2830.000    
   16.00000      0.7000000       14.54445       1.000000       3170.000    
   16.30000      0.7000000       15.33493       1.000000       3530.000    
   19.10000      0.8000000       18.56256       1.000000       3860.000    
   18.20000       1.600000       19.21445       1.000000       3985.000    
   18.70000      0.9000000       17.33790       1.000000       4520.000    
   20.30000      0.9000000       19.51327       1.000000       4890.000    
   29.30000       3.200000       26.70803       1.000000       2280.000    
   20.10000       2.400000       19.17253       1.000000       2550.000    
   22.40000       2.100000       20.68622       1.000000       2780.000    
   28.80000       1.900000       25.67769       1.000000       2910.000    
   28.20000       2.400000       23.53596       1.000000       3040.000    
   31.50000       2.600000       27.64843       1.000000       3143.000    
   29.30000       3.700000       24.52588       1.000000       3220.000    
   26.10000       2.200000       28.83741       1.000000       3440.000    
   24.50000       2.000000       26.73430       1.000000       3500.000    
   27.60000       1.100000       34.98849       1.000000       3752.000    
   23.90000       1.600000       26.16074       1.000000       3840.000    
   23.80000       1.700000       25.56233       1.000000       3870.000    
   32.70000       2.400000       35.40183       1.000000       3940.000    
   33.80000       2.100000       32.62252       1.000000       3960.000    
   26.70000       2.100000       27.48803       1.000000       4005.000    
   24.30000       2.800000       28.28555       1.000000       4020.000    
   31.40000       2.400000       33.60557       1.000000       4066.000    
   36.40000       5.200000       36.53812       1.000000       4118.000    
   21.50000       2.100000       27.20358       1.000000       4180.000    
   27.70000       2.500000       42.43967       1.000000       4205.000    
   16.40000       1.400000       37.36745       1.000000       2328.000    
   47.40000       2.700000       55.35614       1.000000       1934.000    
   55.60000       3.000000       56.31826       1.000000       2077.000    
   51.70000       2.500000       55.26711       1.000000       2404.000    
   58.20000       2.800000       56.51531       1.000000       2482.000    
   35.40000       2.600000       29.52176       1.000000       2601.000    
   30.30000       1.800000       32.47528       1.000000       2740.000    
   32.00000       1.900000       34.94938       1.000000       3050.000    
   30.10000       1.600000       33.61348       1.000000       3168.000    
   30.80000       1.800000       36.00701       1.000000       3177.000    
   38.60000       2.200000       36.26414       1.000000       3353.000    
   36.70000       4.000000       38.15715       1.000000       3402.000    
   43.70000       2.300000       59.81518       1.000000       3413.000    
   44.40000       2.200000       60.36537       1.000000       3479.000    
   38.90000       4.300000       37.29964       1.000000       3493.000    
   39.70000       3.100000       37.29964       1.000000       3493.000    
   39.80000       3.500000       37.72531       1.000000       3519.000    
   39.90000       2.700000       38.46507       1.000000       3541.000    
   39.80000       3.500000       42.86761       1.000000       3627.000    
   45.90000       4.400000       62.24186       1.000000       3694.000    
   41.60000       2.900000       43.63988       1.000000       3943.000    
   43.50000       3.300000       47.88869       1.000000       4096.000    
   36.40000       2.200000       45.99736       1.000000       4097.000    
   43.40000       2.400000       44.19709       1.000000       4261.000    
   45.30000       3.100000       45.88634       1.000000       4559.000    
   55.40000       1.900000       67.80974       1.000000       3050.000    
   4.780000      0.6100000       20.53702       1.000000       3030.000    
   5.060000      0.5800000       31.82836       1.000000       3150.000    
   4.960000      0.7100000       27.24987       1.000000       3340.000    
   79.70000       4.300000       80.17070       1.000000       3410.000    
   4.900000      0.6100000       21.93401       1.000000       3550.000    
   78.20000       4.000000       80.18277       1.000000       3580.000    
   74.80000       3.300000       77.57542       1.000000       3730.000    
   74.00000       5.300000       80.11027       1.000000       3750.000    
   6.010000      0.7000000       20.98081       1.000000       3830.000    
   73.90000       3.500000       78.18791       1.000000       3880.000    
   5.790000      0.6900000       21.88440       1.000000       3990.000    
   65.20000       3.200000       78.47635       1.000000       4150.000    
   5.850000      0.5300000       23.26434       1.000000       4230.000    
   59.70000       2.700000       79.07074       1.000000       4300.000    
   5.650000      0.8000000       28.35930       1.000000       4630.000    
   5.130000      0.6900000       31.49466       1.000000       4800.000    
   3.580000      0.6000000       34.12339       1.000000       4900.000    
   73.90000       11.90000       80.62503       2.000000       629.0000    
   37.30000       4.800000       43.89972       1.000000       4254.000    
   20.63000       11.55000       20.77959       3.000000       4073.000    
   37.00000       2.800000       33.21953       1.000000       3772.000    
   32.10000       2.100000       32.45325       1.000000       3738.000    
   36.40000       2.400000       31.53390       1.000000       3664.000    
   31.40000       3.200000       30.88553       1.000000       3605.000    
   24.50000       1.300000       23.21319       1.000000       4149.000    
   22.70000       1.300000       20.61630       1.000000       3835.000    
   21.30000       2.400000       20.62605       1.000000       3839.000    
   20.80000       1.100000       20.09574       1.000000       3707.000    
   23.00000       3.000000       22.26198       1.000000       4091.000    
   16.80000       1.200000       20.96198       1.000000       4097.000    
   64.00000       2.700000       19.07691       1.000000       4122.000    
   13.50000       1.200000       17.32113       1.000000       4257.000    
   15.00000       1.200000       16.34230       1.000000       4214.000    
   12.50000      0.8000000       13.64896       1.000000       4066.000    
   12.50000      0.9000000       12.74319       1.000000       3959.000    
   11.90000      0.8000000       11.82169       1.000000       3707.000    
   11.50000      0.9000000       15.06182       1.000000       3027.000    
   28.30000       1.900000       25.62759       1.000000       3831.000    
   34.60000       4.200000       34.52131       1.000000       2952.000    
   43.90000       4.400000       42.43538       1.000000       4635.000    
   13.10000       1.700000       18.29216       1.000000       2165.000    
   23.10000       1.200000       29.98407       1.000000       4072.000    
   22.00000       5.000000       27.30714       1.000000       3785.000    
   18.90000       1.700000       24.74739       1.000000       3463.000    
   19.00000       3.000000       27.48274       1.000000       3190.000    
   14.80000      0.7000000       29.79362       1.000000       2584.000    
   17.10000       1.300000       26.45600       1.000000       2291.000    
   13.25000      7.0000000E-02   11.94089       3.000000       2258.000    
   10.25000      0.4900000       9.493499       3.000000       2033.000    
   11.63000       3.110000       10.07820       3.000000       2129.000    
   8.430000       1.880000       7.828012       3.000000       2134.000    
   4.600000       1.080000       3.912583       3.000000       1484.000    
   4.370000      0.9000000       3.832569       3.000000       1220.000    
   8.330000       3.200000       7.968502       3.000000       2914.000    
   13.80000      0.5000000       13.15077       3.000000       3888.000    
   7.200000       1.600000       6.851304       3.000000       3313.000    
   7.730000       5.700000       6.152604       3.000000       2210.000    
   6.580000       1.490000       6.446200       3.000000       3390.000    
   10.13000       1.700000       11.40928       3.000000       4236.000    
   11.43000       5.420000       9.105529       3.000000       2372.000    
   11.04000       3.450000       10.74415       3.000000       1710.000    
   16.50000       5.900000       14.19284       3.000000       1459.000    
   51.30000       22.20000       29.79588       3.000000       1289.000    
   10.50000       1.000000       15.08211       3.000000       1131.000    
   21.10000       5.090000       28.36774       3.000000       5009.000    
   46.53000       7.010000       30.12752       3.000000       2914.000    
   25.86000       9.200000       21.35665       3.000000       2607.000    
   17.46000       11.72000       15.97972       3.000000       2302.000    
   22.43000       4.790000       18.66300       3.000000       4444.000    
   15.40000       2.830000       12.84675       3.000000       3146.000    
   15.63000      0.9500000       13.23121       3.000000       2889.000    
   21.33000       8.300000       13.26830       3.000000       2584.000    
   9.900000      0.6200000       9.510288       3.000000       3560.000    
   15.86000       4.210000       12.94044       3.000000       4436.000    
   14.53000       7.570000       11.17935       3.000000       3206.000    
   2.300000      0.1000000       1.900913       3.000000       2279.000    
   20.62000       1.810000       27.98230       1.000000       4436.000    
   19.06000       5.990000       25.44115       1.000000       3206.000    
   54.00000       3.400000       66.51532       1.000000       5009.000    
   78.60000       5.500000       75.72865       1.000000       4401.000    
   72.00000       3.900000       75.60503       1.000000       3178.000    
   58.60000       3.500000       61.53989       1.000000       2569.000    
   52.70000       4.000000       54.60028       1.000000       2237.000    
   78.90000       4.300000       78.44485       1.000000       3740.000    
   76.10000       4.200000       75.90228       1.000000       3400.000    
   28.20000       3.600000       38.73659       1.000000       6150.000    
   19.90000       1.480000       28.36774       3.000000       5009.000    
   77.24000       1.410000       42.19802       3.000000       3782.000    
   28.34000       1.570000       34.53554       3.000000       3178.000    
   44.97000       2.950000       28.21942       3.000000       2861.000    
   21.34000      0.1400000       20.54408       3.000000       2569.000    
   10.21000      7.9999998E-02   15.08691       3.000000       2237.000    
   53.92000      0.4100000       46.37740       3.000000       3740.000    
   15.54000      0.5400000       13.23121       3.000000       2889.000    
   18.07000      0.6500000       13.26830       3.000000       2584.000    
   21.09000      0.6400000       18.02901       3.000000       4368.000    
   14.93000      0.6400000       13.09499       3.000000       3190.000    
   36.10000       2.800000       43.40923       1.000000       4150.000    
   10.60000       1.100000       10.45486       3.000000       1236.000    
   11.10000       1.950000       11.18316       3.000000       1260.000    
   75.70000       12.30000       63.83452       3.000000       2225.000    
   73.13000       23.57000       57.48536       3.000000       1811.000    
   57.18000       13.15000       49.22549       3.000000       1447.000    
   46.10000       3.110000       34.66529       3.000000       925.0000    
   58.55000       1.630000       42.72345       3.000000       2177.000    
   6.700000      0.3500000       5.503365       3.000000       625.0000    
   5.800000      0.3000000       28.91445       4.000000       1025.000    
   2.600000      0.6500000       1.880047       3.000000       1025.000    
   12.80000      0.5000000       38.73101       4.000000       1879.000    
   7.200000       1.400000       4.714031       1.000000       1000.000    
   8.100000       3.000000       6.715292       1.000000       1959.000    
   9.800000       2.500000       7.375229       1.000000       2131.000    
   6.100000       1.500000       4.960088       1.000000       1857.000    
   4.800000       1.400000       3.834074       1.000000       1800.000    
   4.700000      0.8000000       3.135929       1.000000       1903.000    
   3.900000       1.200000       3.452150       1.000000       2378.000    
   3.100000       1.500000       2.636722       1.000000       2300.000    
   29.83000       1.570000       30.82405       3.000000       2323.000    
   31.17000       7.530000       26.54046       3.000000       2226.000    
   29.10000       3.390000       28.86846       3.000000       2955.000    
   52.40000       3.700000       28.94566       3.000000       2149.000    
   22.43000       3.840000       25.63515       3.000000       2012.000    
   45.00000       2.980000       29.93247       3.000000       2082.000    
   35.80000       2.690000       37.40974       3.000000       2611.000    
   43.07000       6.980000       35.61287       3.000000       2847.000    
   16.23000       3.290000       25.45231       3.000000       2375.000    
   36.90000       2.600000       27.28206       3.000000       2183.000    
   41.40000       3.100000       59.56802       1.000000       2149.000    
   46.10000       4.800000       56.53493       1.000000       2012.000    
   42.50000       3.400000       57.80100       1.000000       2183.000    
   49.80000       3.300000       55.93964       1.000000       1700.000    
   51.20000       3.300000       54.08678       1.000000       1043.000    
   65.90000       2.700000       65.98993       1.000000       696.0000    
   19.60000      0.7000000       25.74717       1.000000       1524.000    
   20.30000       1.200000       27.61532       1.000000       1777.000    
   36.00000       1.500000       27.69528       1.000000       1863.000    
   8.400000      0.8000000       19.33997       1.000000       2050.000    
   27.10000       2.100000       29.01729       1.000000       1661.000    
   36.00000       3.100000       27.23435       1.000000       1432.000    
   22.00000       1.400000       25.99569       1.000000       1208.000    
   31.30000       1.500000       31.33422       1.000000       2173.000    
   31.50000       1.800000       33.90357       1.000000       1182.000    
   32.00000       1.600000       32.12414       1.000000       1069.000    
   30.00000       1.600000       34.80141       1.000000       2097.000    
   36.60000       2.600000       33.62782       1.000000       2062.000    
   21.60000       1.400000       28.43267       1.000000       1586.000    
   16.00000       1.700000       17.98884       1.000000       1260.000    
   43.70000       2.500000       34.43127       1.000000       867.0000    
   55.00000       2.400000       57.09532       1.000000       1261.000    
   54.10000       1.450000       56.50541       1.000000       1139.000    
   68.30000       3.800000       54.82127       1.000000       1010.000    
   60.10000       3.500000       53.16702       1.000000       836.0000    
   41.40000       2.200000       48.31784       1.000000       590.0000    
   6.900000      0.6000000       5.406732       3.000000       2050.000    
   10.00000       1.200000       9.891255       3.000000       1432.000    
   12.00000       5.400000       10.90814       3.000000       1208.000    
   16.00000       2.100000       15.75076       3.000000       2173.000    
   21.40000       2.500000       18.69558       3.000000       1182.000    
   19.00000       3.400000       17.10265       3.000000       1069.000    
   18.10000       1.200000       17.70481       3.000000       1754.000    
   17.60000       2.700000       16.28129       3.000000       1520.000    
   16.00000       1.600000       14.95267       3.000000       2097.000    
   15.50000      0.9000000       13.91387       3.000000       2062.000    
   10.00000       1.400000       12.19342       3.000000       1832.000    
   17.40000       3.900000       10.57772       3.000000       1586.000    
   12.50000       4.500000       9.810937       3.000000       1469.000    
   11.80000      0.8000000       10.68703       3.000000       1341.000    
   5.600000       2.800000       4.612963       3.000000       1260.000    
   10.50000       2.200000       10.94038       3.000000       867.0000    
   30.50000       3.800000       30.66241       3.000000       1261.000    
   31.50000       1.600000       29.90846       3.000000       1139.000    
   23.50000       6.500000       27.43225       3.000000       1010.000    
   28.50000       4.000000       25.43058       3.000000       836.0000    
   18.60000       1.500000       56.32081       4.000000       3030.000    
   46.70000       4.100000       62.98120       4.000000       3150.000    
   36.80000       3.600000       51.33572       4.000000       4000.000    
   24.00000       2.000000       48.35170       4.000000       3370.000    
   9.400000      0.7000000       55.01381       4.000000       2830.000    
   2.800000      0.4000000       2.587295       3.000000       3030.000    
   13.70000       1.200000       3.659771       3.000000       3150.000    
   4.400000      0.5000000       6.973702       3.000000       5005.000    
   8.400000       1.000000       5.623047       3.000000       4920.000    
   8.000000      0.8000000       3.537550       3.000000       4000.000    
   4.100000      0.6000000       2.234907       3.000000       3370.000    
   3.400000      0.4000000       1.929386       3.000000       2830.000    
   58.00000       3.900000       29.77652       3.000000       2580.000    
   75.80000       8.600000       53.03839       3.000000       3124.000    
   42.70000       8.500000       48.33145       3.000000       2943.000    
   37.30000       2.700000       37.10856       3.000000       3050.000    
   72.80000       15.30000       44.58058       3.000000       2559.000    
   64.90000       6.000000       39.75270       3.000000       2350.000    
   48.80000       3.400000       39.89407       3.000000       1390.000    
   21.50000       1.800000       27.64426       3.000000       3435.000    
   44.30000       3.800000       31.04720       3.000000       3410.000    
   5.900000      0.8000000       45.97099       1.000000       4920.000    
   5.300000      0.5000000       39.41888       1.000000       4810.000    
   4.600000      0.5000000       32.25791       1.000000       4550.000    
   4.800000      0.4000000       33.28956       1.000000       4265.000    
   4.500000      0.5000000       44.46946       1.000000       4000.000    
   3.200000      0.4000000       35.03334       1.000000       3675.000    
   3.300000      0.4000000       39.25632       1.000000       3370.000    
   2.600000      0.3000000       31.33936       1.000000       3030.000    
   2.800000      0.4000000       36.51059       1.000000       2830.000    
   40.20000       7.700000       36.52426       1.000000       900.0000    
   18.30000       2.600000       19.50215       1.000000       429.0000    
   51.20000       3.100000       49.29441       1.000000       2174.000    
   42.00000       4.200000       42.99838       1.000000       1489.000    
   42.50000       2.500000       36.85836       1.000000       705.0000    
   13.00000       3.000000       12.49596       1.000000       3387.000    
   46.20000       6.200000       35.08618       1.000000       1544.000    
   40.30000       6.400000       38.25758       1.000000       1864.000    
   35.90000       5.100000       30.82942       1.000000       1210.000    
   35.90000       5.100000       31.96896       1.000000       1363.000    
   12.90000       2.900000       8.179231       1.000000       1720.000    
   11.40000       3.000000       10.66304       1.000000       1010.000    
   7.730000       2.410000       5.786961       1.000000       1788.000    
   6.990000       2.970000       6.536997       1.000000       1700.000    
   5.990000       1.540000       3.895235       1.000000       2472.000    
   5.700000       2.420000       4.459658       1.000000       1486.000    
   5.500000       1.310000       4.448134       1.000000       2471.000    
   5.240000      0.8200000       4.854180       1.000000       1540.000    
   3.510000       1.130000       1.904812       1.000000       2482.000    
   1.930000      0.5300000       1.785829       1.000000       2386.000    
   2.460000      0.9200000       1.964545       1.000000       1835.000    
   5.410000       1.060000       1.931411       1.000000       1036.000    
   6.750000       1.370000       5.726956       1.000000       1291.000    
   6.340000       1.570000       6.145155       1.000000       1287.000    
   46.10000       5.800000       36.40993       1.000000       294.0000    
   2.890000      0.5000000       1.936486       1.000000       925.0000    
   58.90000       3.200000       74.19967       2.000000       1544.000    
   56.60000       3.100000       73.29918       2.000000       1363.000    
   37.90000       2.600000       72.66729       2.000000       2033.000    
   14.10000       1.500000       37.29565       2.000000       2482.000    
   11.10000      0.6000000       37.89605       2.000000       1036.000    
   5.600000      0.5000000       3.633880       1.000000       2740.000    
   8.400000       1.400000       3.953751       1.000000       2910.000    
   5.700000       1.000000       6.554868       1.000000       1315.000    
   9.300000       1.200000       7.752397       1.000000       1560.000    
   4.400000      0.7000000       3.565586       1.000000       2700.000    
   3.600000      0.6000000       2.463716       1.000000       3030.000    
   4.500000      0.9000000       3.043539       1.000000       2650.000    
   4.100000      0.6000000       3.293320       1.000000       1490.000    
   4.800000      0.7000000       3.692962       1.000000       3150.000    
   4.500000      0.6000000       3.692962       1.000000       3150.000    
   5.600000       1.500000       2.073535       1.000000       1830.000    
   3.700000      0.7000000       2.873819       1.000000       2680.000    
   13.80000      0.7000000       41.57949       2.000000       1830.000    
   53.20000      0.7500000       74.41051       4.000000       2660.000    
   19.10000      0.6500000       19.41483       3.000000       2660.000    
   51.60000      0.7500000       79.89269       4.000000       3183.000    
   32.30000      0.7000000       27.24708       3.000000       3183.000    
   60.30000      0.7000000       29.87008       3.000000       3179.000    
   25.30000      0.7000000       23.17616       3.000000       2898.000    
   50.80000       3.200000       56.60349       1.000000       1824.000    
   49.50000       2.500000       55.61586       1.000000       1524.000    
   59.80000       4.900000       64.61091       1.000000       948.0000    
   44.30000      0.5000000       40.68761       3.000000       948.0000    
   15.00000       4.100000       27.21854       1.000000       1572.000    
   11.80000       3.600000       20.72079       1.000000       1462.000    
   7.200000       4.200000       12.39305       1.000000       1482.000    
   10.70000       1.600000       20.05135       1.000000       1452.000    
   4.150000       1.770000       3.671882       3.000000       898.0000    
   2.200000      0.2000000       1.950518       3.000000       1374.000    
   45.00000       4.200000       51.83545       1.000000       4114.000    
   42.70000       2.900000       37.41051       1.000000       1412.000    
   38.80000       3.000000       54.34053       1.000000       3021.000    
   52.80000       3.900000       52.11871       1.000000       3525.000    
   55.80000       4.000000       60.65266       1.000000       2952.000    
   36.90000       1.300000       44.89615       1.000000       4244.000    
   38.80000       4.400000       41.94206       1.000000       3994.000    
   30.70000       1.900000       38.39392       1.000000       3746.000    
   34.20000       2.000000       32.40503       1.000000       3215.000    
   29.10000       1.400000       30.45606       1.000000       3000.000    
   26.70000       2.000000       29.44830       1.000000       2754.000    
   25.20000       1.600000       27.77023       1.000000       2512.000    
   24.30000       2.100000       28.71896       1.000000       2244.000    
   27.40000       2.400000       26.48442       1.000000       1180.000    
   33.50000       3.600000       29.26952       1.000000       947.0000    
   36.20000       4.600000       37.85638       1.000000       3159.000    
   31.30000       2.100000       24.54775       3.000000       3994.000    
   25.70000      0.7000000       23.31132       3.000000       3746.000    
   21.60000      0.2000000       15.91415       3.000000       2754.000    
   13.80000       1.500000       13.69809       3.000000       2512.000    
   22.70000       6.080000       14.38949       3.000000       2244.000    
   71.67000       5.690000       37.24811       3.000000       2883.000    
   25.90000      0.1400000       25.70256       3.000000       658.0000    
   37.05000       4.330000       30.91741       3.000000       960.0000    
   23.85000       6.840000       32.20927       3.000000       1245.000    
   53.30000       5.800000       40.58543       3.000000       1522.000    
   49.55000       5.300000       32.05570       3.000000       1298.000    
   12.17000      0.1200000       19.70707       3.000000       1076.000    
   66.75000       15.91000       51.04686       3.000000       1455.000    
   73.80000       1.470000       61.21270       3.000000       1728.000    
   63.10000       2.010000       63.65589       3.000000       1980.000    
   65.97000       1.860000       66.09062       3.000000       2259.000    
   66.35000       1.480000       65.10023       3.000000       2496.000    
   61.13000       3.670000       62.44931       3.000000       2768.000    
   51.17000       4.010000       53.70782       3.000000       2961.000    
   3.400000       2.830000       8.212808       3.000000       4666.000    
   10.03000       4.210000       5.306382       3.000000       4448.000    
   5.600000      0.4300000       4.079320       3.000000       4122.000    
   59.28000       6.680000       33.49672       3.000000       3874.000    
   8.030000       1.420000       5.333923       3.000000       3579.000    
   11.50000      0.4200000       3.553951       3.000000       3123.000    
   73.23000       18.43000       47.80481       3.000000       1757.000    
   6.500000       3.230000       6.529956       3.000000       524.0000    
   65.00000       4.800000       52.82178       1.000000       658.0000    
   79.50000       5.100000       64.87086       1.000000       960.0000    
   74.90000       3.900000       66.24388       1.000000       1245.000    
   75.50000       4.500000       65.75676       1.000000       1605.000    
   56.70000       3.500000       66.05599       1.000000       1355.000    
   80.00000       2.800000       79.12495       1.000000       1455.000    
   75.10000       2.200000       78.91636       1.000000       1980.000    
   71.20000       2.000000       77.84534       1.000000       2496.000    
   46.70000       7.700000       39.70473       1.000000       4666.000    
   15.80000       1.500000       40.24236       1.000000       4448.000    
   7.000000      0.8000000       38.88920       1.000000       4122.000    
   64.50000       2.200000       66.69898       1.000000       3874.000    
   9.400000       1.200000       49.29885       1.000000       3579.000    
   9.300000       1.100000       45.79309       1.000000       3353.000    
   18.40000      0.9000000       50.01355       1.000000       3123.000    
   74.70000       3.700000       77.06119       1.000000       1208.000    
   32.13000       4.310000       35.24576       3.000000       3381.000    
   52.76000       8.610000       36.87740       3.000000       3426.000    
   50.32000       7.860000       33.72667       3.000000       3318.000    
   46.23000       6.620000       36.46229       3.000000       3386.000    
   41.43000       10.44000       33.80973       3.000000       3151.000    
   40.50000       9.000000       60.91251       1.000000       3318.000    
   11.37000       3.910000       5.659065       3.000000       1455.000    
   12.77000       5.480000       12.94520       3.000000       2410.000    
   4.200000      0.9400000       3.681427       3.000000       2210.000    
   21.45000       8.490000       11.43018       3.000000       1477.000    
   17.30000       3.750000       15.80175       3.000000       1788.000    
   8.070000      0.7100000       7.618784       3.000000       2248.000    
   13.57000      0.7400000       13.69177       3.000000       2260.000    
   27.31000       1.930000       21.97207       3.000000       3100.000    
   53.12000       7.330000       33.42541       3.000000       2600.000    
   79.30000       5.650000       45.19228       3.000000       3565.000    
   37.79000       2.720000       52.60593       3.000000       4100.000    
