>    -Wthicker,212/100/049
   80.0000000000000        1.00000000000000     
   80.0000000000000       0.995123330144899     
   78.0000000000000       0.995123330144899     
   78.0000000000000       0.988298736353207     
   76.0000000000000       0.988298736353207     
   76.0000000000000       0.976949900918025     
   74.0000000000000       0.976949900918025     
   74.0000000000000       0.976924253910265     
   72.0000000000000       0.976924253910265     
   72.0000000000000       0.977439058375755     
   70.0000000000000       0.977439058375755     
   70.0000000000000       0.977523799037193     
   68.0000000000000       0.977523799037193     
   68.0000000000000       0.977746593075571     
   66.0000000000000       0.977746593075571     
   66.0000000000000       0.976993311916225     
   64.0000000000000       0.976993311916225     
   64.0000000000000       0.976974139325931     
   62.0000000000000       0.976974139325931     
   62.0000000000000       0.981870442154279     
   60.0000000000000       0.981870442154279     
   60.0000000000000       0.975920182574124     
   58.0000000000000       0.975920182574124     
   58.0000000000000       0.975835084826900     
   56.0000000000000       0.975835084826900     
   56.0000000000000       0.975664981822727     
   54.0000000000000       0.975664981822727     
   54.0000000000000       0.977580286078652     
   52.0000000000000       0.977580286078652     
   52.0000000000000       0.975211889598693     
   50.0000000000000       0.975211889598693     
   50.0000000000000       0.975321584047894     
   48.0000000000000       0.975321584047894     
   48.0000000000000       0.971555621467570     
   46.0000000000000       0.971555621467570     
   46.0000000000000       0.971617471039193     
   44.0000000000000       0.971617471039193     
   44.0000000000000       0.971673246374974     
   42.0000000000000       0.971673246374974     
   42.0000000000000       0.971695828070832     
   40.0000000000000       0.971695828070832     
   40.0000000000000       0.957856694307898     
   38.0000000000000       0.957856694307898     
   38.0000000000000       0.846310596481602     
   36.0000000000000       0.846310596481602     
   36.0000000000000       0.842400170216587     
   34.0000000000000       0.842400170216587     
   34.0000000000000       0.782258046185075     
   32.0000000000000       0.782258046185075     
   32.0000000000000       0.852820413674947     
   30.0000000000000       0.852820413674947     
   30.0000000000000       0.778764696766432     
   28.0000000000000       0.778764696766432     
   28.0000000000000       0.659672731677005     
   26.0000000000000       0.659672731677005     
   26.0000000000000       0.663740468659928     
   24.0000000000000       0.663740468659928     
   24.0000000000000       0.436295677119608     
   22.0000000000000       0.436295677119608     
   22.0000000000000       0.676351050565582     
   20.0000000000000       0.676351050565582     
   20.0000000000000       0.843095344707254     
   18.0000000000000       0.843095344707254     
   18.0000000000000       0.846827799466015     
   16.0000000000000       0.846827799466015     
   16.0000000000000       0.845780028085436     
   14.0000000000000       0.845780028085436     
   14.0000000000000       0.847020085155630     
   12.0000000000000       0.847020085155630     
   12.0000000000000       0.867320820399361     
   10.0000000000000       0.867320820399361     
   10.0000000000000       0.894886005912576     
   8.00000000000000       0.894886005912576     
   8.00000000000000       0.829339312739711     
   6.00000000000000       0.829339312739711     
   6.00000000000000       0.823085475580808     
   4.00000000000000       0.823085475580808     
   4.00000000000000       0.823076571141337     
   2.00000000000000       0.823076571141337     
   2.00000000000000       0.823067538875133     
  0.000000000000000E+000  0.823067538875133     
