>    -Wthicker,123/248/187
   80.0000000000000        1.00000000000000     
   80.0000000000000       0.992413657099791     
   78.0000000000000       0.992413657099791     
   78.0000000000000       0.986624773582580     
   76.0000000000000       0.986624773582580     
   76.0000000000000       0.986624773582848     
   74.0000000000000       0.986624773582848     
   74.0000000000000       0.986624773582709     
   72.0000000000000       0.986624773582709     
   72.0000000000000       0.986624773582731     
   70.0000000000000       0.986624773582731     
   70.0000000000000       0.986624774515893     
   68.0000000000000       0.986624774515893     
   68.0000000000000       0.986624779296998     
   66.0000000000000       0.986624779296998     
   66.0000000000000       0.986624779296896     
   64.0000000000000       0.986624779296896     
   64.0000000000000       0.986624779309420     
   62.0000000000000       0.986624779309420     
   62.0000000000000       0.986624779505491     
   60.0000000000000       0.986624779505491     
   60.0000000000000       0.986624558047571     
   58.0000000000000       0.986624558047571     
   58.0000000000000       0.986624083471968     
   56.0000000000000       0.986624083471968     
   56.0000000000000       0.986623634356451     
   54.0000000000000       0.986623634356451     
   54.0000000000000       0.991524032917377     
   52.0000000000000       0.991524032917377     
   52.0000000000000       0.990276380488413     
   50.0000000000000       0.990276380488413     
   50.0000000000000       0.990276451683045     
   48.0000000000000       0.990276451683045     
   48.0000000000000       0.990276617690562     
   46.0000000000000       0.990276617690562     
   46.0000000000000       0.990278750269834     
   44.0000000000000       0.990278750269834     
   44.0000000000000       0.990279062186224     
   42.0000000000000       0.990279062186224     
   42.0000000000000       0.978783923697241     
   40.0000000000000       0.978783923697241     
   40.0000000000000       0.978374119693778     
   38.0000000000000       0.978374119693778     
   38.0000000000000       0.981445187340606     
   36.0000000000000       0.981445187340606     
   36.0000000000000       0.980098638545366     
   34.0000000000000       0.980098638545366     
   34.0000000000000       0.980098837904925     
   32.0000000000000       0.980098837904925     
   32.0000000000000       0.980099028338782     
   30.0000000000000       0.980099028338782     
   30.0000000000000       0.980099046591543     
   28.0000000000000       0.980099046591543     
   28.0000000000000       0.980134919840868     
   26.0000000000000       0.980134919840868     
   26.0000000000000       0.980149672085751     
   24.0000000000000       0.980149672085751     
   24.0000000000000       0.980149798537955     
   22.0000000000000       0.980149798537955     
   22.0000000000000       0.980152972529322     
   20.0000000000000       0.980152972529322     
   20.0000000000000       0.980108436383800     
   18.0000000000000       0.980108436383800     
   18.0000000000000       0.960060357653580     
   16.0000000000000       0.960060357653580     
   16.0000000000000       0.888696199140677     
   14.0000000000000       0.888696199140677     
   14.0000000000000       0.839319913665909     
   12.0000000000000       0.839319913665909     
   12.0000000000000       0.845205130270730     
   10.0000000000000       0.845205130270730     
   10.0000000000000       0.894783082184444     
   8.00000000000000       0.894783082184444     
   8.00000000000000       0.875896855912912     
   6.00000000000000       0.875896855912912     
   6.00000000000000       0.866116287765721     
   4.00000000000000       0.866116287765721     
   4.00000000000000       0.850093959912803     
   2.00000000000000       0.850093959912803     
   2.00000000000000       0.497148760217880     
  0.000000000000000E+000  0.497148760217880     
