>    -Wthicker,148/198/114
   80.0000000000000        1.00000000000000     
   80.0000000000000       0.999999999999231     
   78.0000000000000       0.999999999999231     
   78.0000000000000       0.999999999998644     
   76.0000000000000       0.999999999998644     
   76.0000000000000       0.999999999998644     
   74.0000000000000       0.999999999998644     
   74.0000000000000       0.999999999998644     
   72.0000000000000       0.999999999998644     
   72.0000000000000       0.999999999998644     
   70.0000000000000       0.999999999998644     
   70.0000000000000       0.999999999998644     
   68.0000000000000       0.999999999998644     
   68.0000000000000       0.999999999998644     
   66.0000000000000       0.999999999998644     
   66.0000000000000       0.999999999998644     
   64.0000000000000       0.999999999998644     
   64.0000000000000       0.999999999998644     
   62.0000000000000       0.999999999998644     
   62.0000000000000       0.999999999998644     
   60.0000000000000       0.999999999998644     
   60.0000000000000       0.999999999998644     
   58.0000000000000       0.999999999998644     
   58.0000000000000       0.999999999998644     
   56.0000000000000       0.999999999998644     
   56.0000000000000       0.999999999998644     
   54.0000000000000       0.999999999998644     
   54.0000000000000       0.999999999998901     
   52.0000000000000       0.999999999998901     
   52.0000000000000       0.999999999997189     
   50.0000000000000       0.999999999997189     
   50.0000000000000       0.999999999995239     
   48.0000000000000       0.999999999995239     
   48.0000000000000       0.999999999993965     
   46.0000000000000       0.999999999993965     
   46.0000000000000       0.999999999617709     
   44.0000000000000       0.999999999617709     
   44.0000000000000       0.999999999619277     
   42.0000000000000       0.999999999619277     
   42.0000000000000       0.999999999623074     
   40.0000000000000       0.999999999623074     
   40.0000000000000       0.999999999623072     
   38.0000000000000       0.999999999623072     
   38.0000000000000       0.999999999623632     
   36.0000000000000       0.999999999623632     
   36.0000000000000       0.999999999623554     
   34.0000000000000       0.999999999623554     
   34.0000000000000       0.999999999623555     
   32.0000000000000       0.999999999623555     
   32.0000000000000       0.999999999623555     
   30.0000000000000       0.999999999623555     
   30.0000000000000       0.999999999623555     
   28.0000000000000       0.999999999623555     
   28.0000000000000       0.999999999623558     
   26.0000000000000       0.999999999623558     
   26.0000000000000       0.999999999623561     
   24.0000000000000       0.999999999623561     
   24.0000000000000       0.999999999623561     
   22.0000000000000       0.999999999623561     
   22.0000000000000       0.999573969890152     
   20.0000000000000       0.999573969890152     
   20.0000000000000       0.999292318343335     
   18.0000000000000       0.999292318343335     
   18.0000000000000       0.999290755233223     
   16.0000000000000       0.999290755233223     
   16.0000000000000       0.999534632652949     
   14.0000000000000       0.999534632652949     
   14.0000000000000       0.999255390040338     
   12.0000000000000       0.999255390040338     
   12.0000000000000       0.939543915845461     
   10.0000000000000       0.939543915845461     
   10.0000000000000       0.914709487626308     
   8.00000000000000       0.914709487626308     
   8.00000000000000       0.880269039134015     
   6.00000000000000       0.880269039134015     
   6.00000000000000       0.765411425948351     
   4.00000000000000       0.765411425948351     
   4.00000000000000       0.727050490143821     
   2.00000000000000       0.727050490143821     
   2.00000000000000       0.651493455228596     
  0.000000000000000E+000  0.651493455228596     
