>    -Wthicker,183/085/235
   80.0000000000000        1.00000000000000     
   80.0000000000000        1.00000000000000     
   78.0000000000000        1.00000000000000     
   78.0000000000000        1.00000000000000     
   76.0000000000000        1.00000000000000     
   76.0000000000000        1.00000000000000     
   74.0000000000000        1.00000000000000     
   74.0000000000000        1.00000000000000     
   72.0000000000000        1.00000000000000     
   72.0000000000000        1.00000000000000     
   70.0000000000000        1.00000000000000     
   70.0000000000000        1.00000000000000     
   68.0000000000000        1.00000000000000     
   68.0000000000000        1.00000000000000     
   66.0000000000000        1.00000000000000     
   66.0000000000000        1.00000000000000     
   64.0000000000000        1.00000000000000     
   64.0000000000000       0.999999999998386     
   62.0000000000000       0.999999999998386     
   62.0000000000000       0.999999999998386     
   60.0000000000000       0.999999999998386     
   60.0000000000000       0.999999999998386     
   58.0000000000000       0.999999999998386     
   58.0000000000000       0.999999999998386     
   56.0000000000000       0.999999999998386     
   56.0000000000000       0.999999999998386     
   54.0000000000000       0.999999999998386     
   54.0000000000000       0.999999999998386     
   52.0000000000000       0.999999999998386     
   52.0000000000000       0.999999999998386     
   50.0000000000000       0.999999999998386     
   50.0000000000000       0.996828704343108     
   48.0000000000000       0.996828704343108     
   48.0000000000000       0.942631630760792     
   46.0000000000000       0.942631630760792     
   46.0000000000000       0.942631631318616     
   44.0000000000000       0.942631631318616     
   44.0000000000000       0.942631631317560     
   42.0000000000000       0.942631631317560     
   42.0000000000000       0.942631631372672     
   40.0000000000000       0.942631631372672     
   40.0000000000000       0.941948163185830     
   38.0000000000000       0.941948163185830     
   38.0000000000000       0.952088956615226     
   36.0000000000000       0.952088956615226     
   36.0000000000000       0.948152258018039     
   34.0000000000000       0.948152258018039     
   34.0000000000000       0.940719491980795     
   32.0000000000000       0.940719491980795     
   32.0000000000000       0.940717229409803     
   30.0000000000000       0.940717229409803     
   30.0000000000000       0.947481020029307     
   28.0000000000000       0.947481020029307     
   28.0000000000000       0.931694969434738     
   26.0000000000000       0.931694969434738     
   26.0000000000000       0.918684654799385     
   24.0000000000000       0.918684654799385     
   24.0000000000000       0.825119135461262     
   22.0000000000000       0.825119135461262     
   22.0000000000000       0.877804064404491     
   20.0000000000000       0.877804064404491     
   20.0000000000000       0.839367365392792     
   18.0000000000000       0.839367365392792     
   18.0000000000000       0.757687299185480     
   16.0000000000000       0.757687299185480     
   16.0000000000000       0.769287468356561     
   14.0000000000000       0.769287468356561     
   14.0000000000000       0.784679876538959     
   12.0000000000000       0.784679876538959     
   12.0000000000000       0.905526131518788     
   10.0000000000000       0.905526131518788     
   10.0000000000000       0.867007206406530     
   8.00000000000000       0.867007206406530     
   8.00000000000000       0.844220041965318     
   6.00000000000000       0.844220041965318     
   6.00000000000000       0.831511923901432     
   4.00000000000000       0.831511923901432     
   4.00000000000000       0.806900322074289     
   2.00000000000000       0.806900322074289     
   2.00000000000000       0.793889255371902     
  0.000000000000000E+000  0.793889255371902     
