>    -Wthicker,091/041/063
   80.0000000000000        1.00000000000000     
   80.0000000000000       0.999999999939717     
   78.0000000000000       0.999999999939717     
   78.0000000000000       0.999999964048988     
   76.0000000000000       0.999999964048988     
   76.0000000000000       0.999999206278614     
   74.0000000000000       0.999999206278614     
   74.0000000000000       0.999999195824002     
   72.0000000000000       0.999999195824002     
   72.0000000000000       0.999999145527182     
   70.0000000000000       0.999999145527182     
   70.0000000000000       0.999973289143543     
   68.0000000000000       0.999973289143543     
   68.0000000000000       0.999955328511933     
   66.0000000000000       0.999955328511933     
   66.0000000000000       0.999947538571941     
   64.0000000000000       0.999947538571941     
   64.0000000000000       0.999943600689214     
   62.0000000000000       0.999943600689214     
   62.0000000000000       0.995228649144788     
   60.0000000000000       0.995228649144788     
   60.0000000000000       0.938861480634886     
   58.0000000000000       0.938861480634886     
   58.0000000000000       0.943198124268748     
   56.0000000000000       0.943198124268748     
   56.0000000000000       0.949271108322854     
   54.0000000000000       0.949271108322854     
   54.0000000000000       0.949424029511824     
   52.0000000000000       0.949424029511824     
   52.0000000000000       0.955705059910607     
   50.0000000000000       0.955705059910607     
   50.0000000000000       0.930621919310366     
   48.0000000000000       0.930621919310366     
   48.0000000000000       0.931037257920819     
   46.0000000000000       0.931037257920819     
   46.0000000000000       0.920969200270010     
   44.0000000000000       0.920969200270010     
   44.0000000000000       0.908083204474298     
   42.0000000000000       0.908083204474298     
   42.0000000000000       0.907253675099172     
   40.0000000000000       0.907253675099172     
   40.0000000000000       0.904081237644790     
   38.0000000000000       0.904081237644790     
   38.0000000000000       0.868915546734402     
   36.0000000000000       0.868915546734402     
   36.0000000000000       0.778189297836522     
   34.0000000000000       0.778189297836522     
   34.0000000000000       0.909041386948834     
   32.0000000000000       0.909041386948834     
   32.0000000000000       0.930405336592458     
   30.0000000000000       0.930405336592458     
   30.0000000000000       0.946425076698934     
   28.0000000000000       0.946425076698934     
   28.0000000000000       0.946428414492504     
   26.0000000000000       0.946428414492504     
   26.0000000000000       0.946431532806951     
   24.0000000000000       0.946431532806951     
   24.0000000000000       0.946430929814735     
   22.0000000000000       0.946430929814735     
   22.0000000000000       0.945871861211412     
   20.0000000000000       0.945871861211412     
   20.0000000000000       0.945154230795569     
   18.0000000000000       0.945154230795569     
   18.0000000000000       0.945054371499431     
   16.0000000000000       0.945054371499431     
   16.0000000000000       0.944682528347978     
   14.0000000000000       0.944682528347978     
   14.0000000000000       0.944681169956103     
   12.0000000000000       0.944681169956103     
   12.0000000000000       0.944680381098989     
   10.0000000000000       0.944680381098989     
   10.0000000000000       0.944677718340861     
   8.00000000000000       0.944677718340861     
   8.00000000000000       0.944677524068958     
   6.00000000000000       0.944677524068958     
   6.00000000000000       0.944677512561731     
   4.00000000000000       0.944677512561731     
   4.00000000000000       0.944677267555022     
   2.00000000000000       0.944677267555022     
   2.00000000000000       0.944674480660033     
  0.000000000000000E+000  0.944674480660033     
