>    -Wthicker,186/183/028
   80.0000000000000        1.00000000000000     
   80.0000000000000       0.999995176041145     
   78.0000000000000       0.999995176041145     
   78.0000000000000       0.999994327626812     
   76.0000000000000       0.999994327626812     
   76.0000000000000       0.999993722413689     
   74.0000000000000       0.999993722413689     
   74.0000000000000       0.999978662172737     
   72.0000000000000       0.999978662172737     
   72.0000000000000       0.999988098996997     
   70.0000000000000       0.999988098996997     
   70.0000000000000       0.999988099352225     
   68.0000000000000       0.999988099352225     
   68.0000000000000       0.999988099351368     
   66.0000000000000       0.999988099351368     
   66.0000000000000       0.999986790499348     
   64.0000000000000       0.999986790499348     
   64.0000000000000       0.999973978342759     
   62.0000000000000       0.999973978342759     
   62.0000000000000       0.999973654853648     
   60.0000000000000       0.999973654853648     
   60.0000000000000       0.999915405506518     
   58.0000000000000       0.999915405506518     
   58.0000000000000       0.999915493442479     
   56.0000000000000       0.999915493442479     
   56.0000000000000       0.999914638598513     
   54.0000000000000       0.999914638598513     
   54.0000000000000       0.999115287383620     
   52.0000000000000       0.999115287383620     
   52.0000000000000       0.966895119234258     
   50.0000000000000       0.966895119234258     
   50.0000000000000       0.909571835559305     
   48.0000000000000       0.909571835559305     
   48.0000000000000       0.944341565456444     
   46.0000000000000       0.944341565456444     
   46.0000000000000       0.945795662261185     
   44.0000000000000       0.945795662261185     
   44.0000000000000       0.949428969079428     
   42.0000000000000       0.949428969079428     
   42.0000000000000       0.949523946767658     
   40.0000000000000       0.949523946767658     
   40.0000000000000       0.949591958112959     
   38.0000000000000       0.949591958112959     
   38.0000000000000       0.951702508170758     
   36.0000000000000       0.951702508170758     
   36.0000000000000       0.952068196649269     
   34.0000000000000       0.952068196649269     
   34.0000000000000       0.951257345290772     
   32.0000000000000       0.951257345290772     
   32.0000000000000       0.949943526216825     
   30.0000000000000       0.949943526216825     
   30.0000000000000       0.959987663251022     
   28.0000000000000       0.959987663251022     
   28.0000000000000       0.954485990193325     
   26.0000000000000       0.954485990193325     
   26.0000000000000       0.954460210257971     
   24.0000000000000       0.954460210257971     
   24.0000000000000       0.953100941781434     
   22.0000000000000       0.953100941781434     
   22.0000000000000       0.951998071522084     
   20.0000000000000       0.951998071522084     
   20.0000000000000       0.951333853000237     
   18.0000000000000       0.951333853000237     
   18.0000000000000       0.950853039597901     
   16.0000000000000       0.950853039597901     
   16.0000000000000       0.947095142906444     
   14.0000000000000       0.947095142906444     
   14.0000000000000       0.947082057244097     
   12.0000000000000       0.947082057244097     
   12.0000000000000       0.947082023119985     
   10.0000000000000       0.947082023119985     
   10.0000000000000       0.947082002204988     
   8.00000000000000       0.947082002204988     
   8.00000000000000       0.947081987721696     
   6.00000000000000       0.947081987721696     
   6.00000000000000       0.947081971038318     
   4.00000000000000       0.947081971038318     
   4.00000000000000       0.947081968860127     
   2.00000000000000       0.947081968860127     
   2.00000000000000       0.947081968854270     
  0.000000000000000E+000  0.947081968854270     
