>    -Wthicker,055/092/030
   80.0000000000000        1.00000000000000     
   80.0000000000000       0.999999999835800     
   78.0000000000000       0.999999999835800     
   78.0000000000000       0.999999999710486     
   76.0000000000000       0.999999999710486     
   76.0000000000000       0.999999999710433     
   74.0000000000000       0.999999999710433     
   74.0000000000000       0.999999999710235     
   72.0000000000000       0.999999999710235     
   72.0000000000000       0.999999999710242     
   70.0000000000000       0.999999999710242     
   70.0000000000000       0.999999020160068     
   68.0000000000000       0.999999020160068     
   68.0000000000000       0.999967825020273     
   66.0000000000000       0.999967825020273     
   66.0000000000000       0.999967824988724     
   64.0000000000000       0.999967824988724     
   64.0000000000000       0.999967824985770     
   62.0000000000000       0.999967824985770     
   62.0000000000000       0.999969767702652     
   60.0000000000000       0.999969767702652     
   60.0000000000000       0.998664757715080     
   58.0000000000000       0.998664757715080     
   58.0000000000000       0.993559005134957     
   56.0000000000000       0.993559005134957     
   56.0000000000000       0.990708941275763     
   54.0000000000000       0.990708941275763     
   54.0000000000000       0.990718905398810     
   52.0000000000000       0.990718905398810     
   52.0000000000000       0.990719821565162     
   50.0000000000000       0.990719821565162     
   50.0000000000000       0.990719841825671     
   48.0000000000000       0.990719841825671     
   48.0000000000000       0.992066105078174     
   46.0000000000000       0.992066105078174     
   46.0000000000000       0.987772601932728     
   44.0000000000000       0.987772601932728     
   44.0000000000000       0.987410922999126     
   42.0000000000000       0.987410922999126     
   42.0000000000000       0.989138316118353     
   40.0000000000000       0.989138316118353     
   40.0000000000000       0.988856806015977     
   38.0000000000000       0.988856806015977     
   38.0000000000000       0.982277894475689     
   36.0000000000000       0.982277894475689     
   36.0000000000000       0.992052773142510     
   34.0000000000000       0.992052773142510     
   34.0000000000000       0.991126855101567     
   32.0000000000000       0.991126855101567     
   32.0000000000000       0.923504907111005     
   30.0000000000000       0.923504907111005     
   30.0000000000000       0.909357261986603     
   28.0000000000000       0.909357261986603     
   28.0000000000000       0.912153643112503     
   26.0000000000000       0.912153643112503     
   26.0000000000000       0.916769140261808     
   24.0000000000000       0.916769140261808     
   24.0000000000000       0.887941292668533     
   22.0000000000000       0.887941292668533     
   22.0000000000000       0.898058529121584     
   20.0000000000000       0.898058529121584     
   20.0000000000000       0.922081639749101     
   18.0000000000000       0.922081639749101     
   18.0000000000000       0.933894836686402     
   16.0000000000000       0.933894836686402     
   16.0000000000000       0.928539116249891     
   14.0000000000000       0.928539116249891     
   14.0000000000000       0.928073744109829     
   12.0000000000000       0.928073744109829     
   12.0000000000000       0.926103675687260     
   10.0000000000000       0.926103675687260     
   10.0000000000000       0.919657617816259     
   8.00000000000000       0.919657617816259     
   8.00000000000000       0.889708956127869     
   6.00000000000000       0.889708956127869     
   6.00000000000000       0.866577864953894     
   4.00000000000000       0.866577864953894     
   4.00000000000000       0.655430626119872     
   2.00000000000000       0.655430626119872     
   2.00000000000000       0.459635399294055     
  0.000000000000000E+000  0.459635399294055     
