>    -Wthicker,211/251/199
   80.0000000000000        1.00000000000000     
   80.0000000000000       0.997484230767852     
   78.0000000000000       0.997484230767852     
   78.0000000000000       0.997008071647410     
   76.0000000000000       0.997008071647410     
   76.0000000000000       0.996519636792238     
   74.0000000000000       0.996519636792238     
   74.0000000000000       0.996946882268216     
   72.0000000000000       0.996946882268216     
   72.0000000000000       0.996826475140156     
   70.0000000000000       0.996826475140156     
   70.0000000000000       0.995706939424550     
   68.0000000000000       0.995706939424550     
   68.0000000000000       0.997060276604913     
   66.0000000000000       0.997060276604913     
   66.0000000000000       0.996901230129855     
   64.0000000000000       0.996901230129855     
   64.0000000000000       0.995069431494834     
   62.0000000000000       0.995069431494834     
   62.0000000000000       0.995877758305290     
   60.0000000000000       0.995877758305290     
   60.0000000000000       0.998107470600645     
   58.0000000000000       0.998107470600645     
   58.0000000000000       0.993706234744942     
   56.0000000000000       0.993706234744942     
   56.0000000000000       0.993693955101729     
   54.0000000000000       0.993693955101729     
   54.0000000000000       0.993755507192470     
   52.0000000000000       0.993755507192470     
   52.0000000000000       0.994049605343318     
   50.0000000000000       0.994049605343318     
   50.0000000000000       0.994098060446571     
   48.0000000000000       0.994098060446571     
   48.0000000000000       0.992863609604982     
   46.0000000000000       0.992863609604982     
   46.0000000000000       0.976102765139002     
   44.0000000000000       0.976102765139002     
   44.0000000000000       0.976112656019989     
   42.0000000000000       0.976112656019989     
   42.0000000000000       0.976112598410041     
   40.0000000000000       0.976112598410041     
   40.0000000000000       0.976112599953030     
   38.0000000000000       0.976112599953030     
   38.0000000000000       0.977214191550848     
   36.0000000000000       0.977214191550848     
   36.0000000000000       0.973781679712379     
   34.0000000000000       0.973781679712379     
   34.0000000000000       0.973781445682031     
   32.0000000000000       0.973781445682031     
   32.0000000000000       0.973686536541587     
   30.0000000000000       0.973686536541587     
   30.0000000000000       0.973271460732595     
   28.0000000000000       0.973271460732595     
   28.0000000000000       0.973126341819777     
   26.0000000000000       0.973126341819777     
   26.0000000000000       0.973142052008317     
   24.0000000000000       0.973142052008317     
   24.0000000000000       0.967151270770887     
   22.0000000000000       0.967151270770887     
   22.0000000000000       0.966986685574741     
   20.0000000000000       0.966986685574741     
   20.0000000000000       0.965150394124993     
   18.0000000000000       0.965150394124993     
   18.0000000000000       0.930781046960742     
   16.0000000000000       0.930781046960742     
   16.0000000000000       0.924965508536284     
   14.0000000000000       0.924965508536284     
   14.0000000000000       0.932793968137943     
   12.0000000000000       0.932793968137943     
   12.0000000000000       0.928288400961969     
   10.0000000000000       0.928288400961969     
   10.0000000000000       0.916830491486431     
   8.00000000000000       0.916830491486431     
   8.00000000000000       0.902626276158218     
   6.00000000000000       0.902626276158218     
   6.00000000000000       0.871016671001594     
   4.00000000000000       0.871016671001594     
   4.00000000000000       0.422407588178457     
   2.00000000000000       0.422407588178457     
   2.00000000000000       0.110483457198032     
  0.000000000000000E+000  0.110483457198032     
