>    -Wthicker,109/140/085
   80.0000000000000        1.00000000000000     
   80.0000000000000       0.999999999999987     
   78.0000000000000       0.999999999999987     
   78.0000000000000       0.999999999999974     
   76.0000000000000       0.999999999999974     
   76.0000000000000       0.999999999999962     
   74.0000000000000       0.999999999999962     
   74.0000000000000       0.999999999999965     
   72.0000000000000       0.999999999999965     
   72.0000000000000       0.999999999999966     
   70.0000000000000       0.999999999999966     
   70.0000000000000       0.999999999999964     
   68.0000000000000       0.999999999999964     
   68.0000000000000       0.999999999999965     
   66.0000000000000       0.999999999999965     
   66.0000000000000       0.999999999999963     
   64.0000000000000       0.999999999999963     
   64.0000000000000       0.987959400948884     
   62.0000000000000       0.987959400948884     
   62.0000000000000       0.970353130069848     
   60.0000000000000       0.970353130069848     
   60.0000000000000       0.970394038558613     
   58.0000000000000       0.970394038558613     
   58.0000000000000       0.970475774330347     
   56.0000000000000       0.970475774330347     
   56.0000000000000       0.970475776544202     
   54.0000000000000       0.970475776544202     
   54.0000000000000       0.970475776366486     
   52.0000000000000       0.970475776366486     
   52.0000000000000       0.970475775014022     
   50.0000000000000       0.970475775014022     
   50.0000000000000       0.970475772271670     
   48.0000000000000       0.970475772271670     
   48.0000000000000       0.970480498353463     
   46.0000000000000       0.970480498353463     
   46.0000000000000       0.970548526737066     
   44.0000000000000       0.970548526737066     
   44.0000000000000       0.970548530855936     
   42.0000000000000       0.970548530855936     
   42.0000000000000       0.970548530956461     
   40.0000000000000       0.970548530956461     
   40.0000000000000       0.970548530357320     
   38.0000000000000       0.970548530357320     
   38.0000000000000       0.970548512099090     
   36.0000000000000       0.970548512099090     
   36.0000000000000       0.970548394475584     
   34.0000000000000       0.970548394475584     
   34.0000000000000       0.970548392018725     
   32.0000000000000       0.970548392018725     
   32.0000000000000       0.970548388787640     
   30.0000000000000       0.970548388787640     
   30.0000000000000       0.970548383275874     
   28.0000000000000       0.970548383275874     
   28.0000000000000       0.970548376755686     
   26.0000000000000       0.970548376755686     
   26.0000000000000       0.970548370082448     
   24.0000000000000       0.970548370082448     
   24.0000000000000       0.970548362292933     
   22.0000000000000       0.970548362292933     
   22.0000000000000       0.970548361047448     
   20.0000000000000       0.970548361047448     
   20.0000000000000       0.970548383318833     
   18.0000000000000       0.970548383318833     
   18.0000000000000       0.970548384718370     
   16.0000000000000       0.970548384718370     
   16.0000000000000       0.970548383271246     
   14.0000000000000       0.970548383271246     
   14.0000000000000       0.970548376628493     
   12.0000000000000       0.970548376628493     
   12.0000000000000       0.970548366122058     
   10.0000000000000       0.970548366122058     
   10.0000000000000       0.970548347030348     
   8.00000000000000       0.970548347030348     
   8.00000000000000       0.970548271237812     
   6.00000000000000       0.970548271237812     
   6.00000000000000       0.970328623622381     
   4.00000000000000       0.970328623622381     
   4.00000000000000       0.968671711327517     
   2.00000000000000       0.968671711327517     
   2.00000000000000       0.957720547617695     
  0.000000000000000E+000  0.957720547617695     
