>    -Wthicker,070/095/124
   80.0000000000000        1.00000000000000     
   80.0000000000000       0.999999999942925     
   78.0000000000000       0.999999999942925     
   78.0000000000000       0.999999999886893     
   76.0000000000000       0.999999999886893     
   76.0000000000000       0.999999999840245     
   74.0000000000000       0.999999999840245     
   74.0000000000000       0.999999999645205     
   72.0000000000000       0.999999999645205     
   72.0000000000000       0.999999999649732     
   70.0000000000000       0.999999999649732     
   70.0000000000000       0.999511499947321     
   68.0000000000000       0.999511499947321     
   68.0000000000000       0.983954546339217     
   66.0000000000000       0.983954546339217     
   66.0000000000000       0.983954530598023     
   64.0000000000000       0.983954530598023     
   64.0000000000000       0.983954529124781     
   62.0000000000000       0.983954529124781     
   62.0000000000000       0.984895842756362     
   60.0000000000000       0.984895842756362     
   60.0000000000000       0.981466920431318     
   58.0000000000000       0.981466920431318     
   58.0000000000000       0.981447317328450     
   56.0000000000000       0.981447317328450     
   56.0000000000000       0.984019560878555     
   54.0000000000000       0.984019560878555     
   54.0000000000000       0.986529142553917     
   52.0000000000000       0.986529142553917     
   52.0000000000000       0.986528954698068     
   50.0000000000000       0.986528954698068     
   50.0000000000000       0.986528816793025     
   48.0000000000000       0.986528816793025     
   48.0000000000000       0.986532723391256     
   46.0000000000000       0.986532723391256     
   46.0000000000000       0.986550124750335     
   44.0000000000000       0.986550124750335     
   44.0000000000000       0.983293285627791     
   42.0000000000000       0.983293285627791     
   42.0000000000000       0.974354310152064     
   40.0000000000000       0.974354310152064     
   40.0000000000000       0.962288482189622     
   38.0000000000000       0.962288482189622     
   38.0000000000000       0.961962732544741     
   36.0000000000000       0.961962732544741     
   36.0000000000000       0.973145654147826     
   34.0000000000000       0.973145654147826     
   34.0000000000000       0.973198908893674     
   32.0000000000000       0.973198908893674     
   32.0000000000000       0.962579683973689     
   30.0000000000000       0.962579683973689     
   30.0000000000000       0.935272152170855     
   28.0000000000000       0.935272152170855     
   28.0000000000000       0.893171612410574     
   26.0000000000000       0.893171612410574     
   26.0000000000000       0.904633310809435     
   24.0000000000000       0.904633310809435     
   24.0000000000000       0.876799689718730     
   22.0000000000000       0.876799689718730     
   22.0000000000000       0.857501783387624     
   20.0000000000000       0.857501783387624     
   20.0000000000000       0.883512216621805     
   18.0000000000000       0.883512216621805     
   18.0000000000000       0.886833184250242     
   16.0000000000000       0.886833184250242     
   16.0000000000000       0.919720050076821     
   14.0000000000000       0.919720050076821     
   14.0000000000000       0.903395346585450     
   12.0000000000000       0.903395346585450     
   12.0000000000000       0.900740987095675     
   10.0000000000000       0.900740987095675     
   10.0000000000000       0.879921558390198     
   8.00000000000000       0.879921558390198     
   8.00000000000000       0.879484319183188     
   6.00000000000000       0.879484319183188     
   6.00000000000000       0.860618852747751     
   4.00000000000000       0.860618852747751     
   4.00000000000000       0.830479121687767     
   2.00000000000000       0.830479121687767     
   2.00000000000000       0.826207026685085     
  0.000000000000000E+000  0.826207026685085     
