>    -Wthicker,108/095/144
   80.0000000000000        1.00000000000000     
   80.0000000000000       0.999999999702442     
   78.0000000000000       0.999999999702442     
   78.0000000000000       0.999998602530874     
   76.0000000000000       0.999998602530874     
   76.0000000000000       0.999998611838884     
   74.0000000000000       0.999998611838884     
   74.0000000000000       0.999998504844135     
   72.0000000000000       0.999998504844135     
   72.0000000000000       0.999999010491854     
   70.0000000000000       0.999999010491854     
   70.0000000000000       0.999998963799095     
   68.0000000000000       0.999998963799095     
   68.0000000000000       0.999998963799095     
   66.0000000000000       0.999998963799095     
   66.0000000000000       0.999981846428888     
   64.0000000000000       0.999981846428888     
   64.0000000000000       0.999813420176907     
   62.0000000000000       0.999813420176907     
   62.0000000000000       0.999813410905812     
   60.0000000000000       0.999813410905812     
   60.0000000000000       0.999596779968705     
   58.0000000000000       0.999596779968705     
   58.0000000000000       0.983711509420578     
   56.0000000000000       0.983711509420578     
   56.0000000000000       0.982474559823756     
   54.0000000000000       0.982474559823756     
   54.0000000000000       0.979626908061270     
   52.0000000000000       0.979626908061270     
   52.0000000000000       0.984351317481763     
   50.0000000000000       0.984351317481763     
   50.0000000000000       0.981898966475500     
   48.0000000000000       0.981898966475500     
   48.0000000000000       0.979204852940837     
   46.0000000000000       0.979204852940837     
   46.0000000000000       0.971239959226073     
   44.0000000000000       0.971239959226073     
   44.0000000000000       0.972396673259288     
   42.0000000000000       0.972396673259288     
   42.0000000000000       0.986568199631254     
   40.0000000000000       0.986568199631254     
   40.0000000000000       0.979952549845202     
   38.0000000000000       0.979952549845202     
   38.0000000000000       0.987669718507516     
   36.0000000000000       0.987669718507516     
   36.0000000000000       0.979022573792378     
   34.0000000000000       0.979022573792378     
   34.0000000000000       0.973460673054123     
   32.0000000000000       0.973460673054123     
   32.0000000000000       0.926735369345664     
   30.0000000000000       0.926735369345664     
   30.0000000000000       0.881845637924061     
   28.0000000000000       0.881845637924061     
   28.0000000000000       0.880471974537364     
   26.0000000000000       0.880471974537364     
   26.0000000000000       0.868957626667834     
   24.0000000000000       0.868957626667834     
   24.0000000000000       0.892121603961124     
   22.0000000000000       0.892121603961124     
   22.0000000000000       0.866325249794520     
   20.0000000000000       0.866325249794520     
   20.0000000000000       0.866320294010873     
   18.0000000000000       0.866320294010873     
   18.0000000000000       0.926674403934856     
   16.0000000000000       0.926674403934856     
   16.0000000000000       0.922107809026030     
   14.0000000000000       0.922107809026030     
   14.0000000000000       0.922099056974351     
   12.0000000000000       0.922099056974351     
   12.0000000000000       0.922071078032880     
   10.0000000000000       0.922071078032880     
   10.0000000000000       0.922050502199748     
   8.00000000000000       0.922050502199748     
   8.00000000000000       0.922050501469350     
   6.00000000000000       0.922050501469350     
   6.00000000000000       0.922050500436753     
   4.00000000000000       0.922050500436753     
   4.00000000000000       0.922050500346488     
   2.00000000000000       0.922050500346488     
   2.00000000000000       0.922050500342778     
  0.000000000000000E+000  0.922050500342778     
