>    -Wthicker,204/165/057
   80.0000000000000        1.00000000000000     
   80.0000000000000       0.997393232157546     
   78.0000000000000       0.997393232157546     
   78.0000000000000       0.996215412994503     
   76.0000000000000       0.996215412994503     
   76.0000000000000       0.997047499414281     
   74.0000000000000       0.997047499414281     
   74.0000000000000       0.997343332859046     
   72.0000000000000       0.997343332859046     
   72.0000000000000       0.997323150151003     
   70.0000000000000       0.997323150151003     
   70.0000000000000       0.996872929390530     
   68.0000000000000       0.996872929390530     
   68.0000000000000       0.997454216689282     
   66.0000000000000       0.997454216689282     
   66.0000000000000       0.997477751153226     
   64.0000000000000       0.997477751153226     
   64.0000000000000       0.996858920888382     
   62.0000000000000       0.996858920888382     
   62.0000000000000       0.997184291162805     
   60.0000000000000       0.997184291162805     
   60.0000000000000       0.998053288900675     
   58.0000000000000       0.998053288900675     
   58.0000000000000       0.984397043489414     
   56.0000000000000       0.984397043489414     
   56.0000000000000       0.984376429768036     
   54.0000000000000       0.984376429768036     
   54.0000000000000       0.984464704850831     
   52.0000000000000       0.984464704850831     
   52.0000000000000       0.984631111645005     
   50.0000000000000       0.984631111645005     
   50.0000000000000       0.984741228477447     
   48.0000000000000       0.984741228477447     
   48.0000000000000       0.984851909141563     
   46.0000000000000       0.984851909141563     
   46.0000000000000       0.979571025363902     
   44.0000000000000       0.979571025363902     
   44.0000000000000       0.979577745748316     
   42.0000000000000       0.979577745748316     
   42.0000000000000       0.979577126446645     
   40.0000000000000       0.979577126446645     
   40.0000000000000       0.979577127186667     
   38.0000000000000       0.979577127186667     
   38.0000000000000       0.980737523985237     
   36.0000000000000       0.980737523985237     
   36.0000000000000       0.966554852287748     
   34.0000000000000       0.966554852287748     
   34.0000000000000       0.966554690412237     
   32.0000000000000       0.966554690412237     
   32.0000000000000       0.966487846613401     
   30.0000000000000       0.966487846613401     
   30.0000000000000       0.966162670392877     
   28.0000000000000       0.966162670392877     
   28.0000000000000       0.966040704549002     
   26.0000000000000       0.966040704549002     
   26.0000000000000       0.966062058861227     
   24.0000000000000       0.966062058861227     
   24.0000000000000       0.951456304001035     
   22.0000000000000       0.951456304001035     
   22.0000000000000       0.951100494760624     
   20.0000000000000       0.951100494760624     
   20.0000000000000       0.949885125329379     
   18.0000000000000       0.949885125329379     
   18.0000000000000       0.936835985719250     
   16.0000000000000       0.936835985719250     
   16.0000000000000       0.933713587602704     
   14.0000000000000       0.933713587602704     
   14.0000000000000       0.944621074056832     
   12.0000000000000       0.944621074056832     
   12.0000000000000       0.944265259692712     
   10.0000000000000       0.944265259692712     
   10.0000000000000       0.925404115824329     
   8.00000000000000       0.925404115824329     
   8.00000000000000       0.875718009614487     
   6.00000000000000       0.875718009614487     
   6.00000000000000       0.829429755879389     
   4.00000000000000       0.829429755879389     
   4.00000000000000       0.614882305365597     
   2.00000000000000       0.614882305365597     
   2.00000000000000       2.868635226271286E-002
  0.000000000000000E+000  2.868635226271286E-002
