>    -Wthicker,215/044/250
   80.0000000000000        1.00000000000000     
   80.0000000000000       0.999889894049708     
   78.0000000000000       0.999889894049708     
   78.0000000000000       0.999805875896406     
   76.0000000000000       0.999805875896406     
   76.0000000000000       0.999805875896410     
   74.0000000000000       0.999805875896410     
   74.0000000000000       0.999805875896408     
   72.0000000000000       0.999805875896408     
   72.0000000000000       0.999805875896409     
   70.0000000000000       0.999805875896409     
   70.0000000000000       0.999805875909440     
   68.0000000000000       0.999805875909440     
   68.0000000000000       0.999805875962219     
   66.0000000000000       0.999805875962219     
   66.0000000000000       0.999805875962217     
   64.0000000000000       0.999805875962217     
   64.0000000000000       0.999805875962399     
   62.0000000000000       0.999805875962399     
   62.0000000000000       0.999805875966281     
   60.0000000000000       0.999805875966281     
   60.0000000000000       0.999805793600529     
   58.0000000000000       0.999805793600529     
   58.0000000000000       0.999805479478000     
   56.0000000000000       0.999805479478000     
   56.0000000000000       0.999805193283485     
   54.0000000000000       0.999805193283485     
   54.0000000000000       0.999857189740641     
   52.0000000000000       0.999857189740641     
   52.0000000000000       0.999797868262975     
   50.0000000000000       0.999797868262975     
   50.0000000000000       0.999795362262154     
   48.0000000000000       0.999795362262154     
   48.0000000000000       0.999795459053459     
   46.0000000000000       0.999795459053459     
   46.0000000000000       0.999795293959524     
   44.0000000000000       0.999795293959524     
   44.0000000000000       0.999795520955397     
   42.0000000000000       0.999795520955397     
   42.0000000000000       0.999765099930039     
   40.0000000000000       0.999765099930039     
   40.0000000000000       0.999752151196538     
   38.0000000000000       0.999752151196538     
   38.0000000000000       0.999817802629434     
   36.0000000000000       0.999817802629434     
   36.0000000000000       0.999806047197134     
   34.0000000000000       0.999806047197134     
   34.0000000000000       0.999806117170137     
   32.0000000000000       0.999806117170137     
   32.0000000000000       0.999806174977292     
   30.0000000000000       0.999806174977292     
   30.0000000000000       0.999806176724150     
   28.0000000000000       0.999806176724150     
   28.0000000000000       0.999803304338940     
   26.0000000000000       0.999803304338940     
   26.0000000000000       0.999800053145946     
   24.0000000000000       0.999800053145946     
   24.0000000000000       0.999800079948205     
   22.0000000000000       0.999800079948205     
   22.0000000000000       0.999800142717935     
   20.0000000000000       0.999800142717935     
   20.0000000000000       0.999799804543846     
   18.0000000000000       0.999799804543846     
   18.0000000000000       0.999617927824724     
   16.0000000000000       0.999617927824724     
   16.0000000000000       0.999245724623414     
   14.0000000000000       0.999245724623414     
   14.0000000000000       0.999191290178313     
   12.0000000000000       0.999191290178313     
   12.0000000000000       0.998032791697658     
   10.0000000000000       0.998032791697658     
   10.0000000000000       0.996308334833703     
   8.00000000000000       0.996308334833703     
   8.00000000000000       0.822171468773462     
   6.00000000000000       0.822171468773462     
   6.00000000000000       0.682985637257845     
   4.00000000000000       0.682985637257845     
   4.00000000000000       0.583719632194338     
   2.00000000000000       0.583719632194338     
   2.00000000000000       3.687699285398294E-003
  0.000000000000000E+000  3.687699285398294E-003
