>    -Wthicker,035/228/121
   80.0000000000000        1.00000000000000     
   80.0000000000000        1.00000000000000     
   78.0000000000000        1.00000000000000     
   78.0000000000000        1.00000000000000     
   76.0000000000000        1.00000000000000     
   76.0000000000000        1.00000000000000     
   74.0000000000000        1.00000000000000     
   74.0000000000000        1.00000000000000     
   72.0000000000000        1.00000000000000     
   72.0000000000000        1.00000000000000     
   70.0000000000000        1.00000000000000     
   70.0000000000000        1.00000000000000     
   68.0000000000000        1.00000000000000     
   68.0000000000000        1.00000000000000     
   66.0000000000000        1.00000000000000     
   66.0000000000000        1.00000000000000     
   64.0000000000000        1.00000000000000     
   64.0000000000000       0.999999999993580     
   62.0000000000000       0.999999999993580     
   62.0000000000000       0.999999999993580     
   60.0000000000000       0.999999999993580     
   60.0000000000000       0.999999999993579     
   58.0000000000000       0.999999999993579     
   58.0000000000000       0.999999999993557     
   56.0000000000000       0.999999999993557     
   56.0000000000000       0.999999999993557     
   54.0000000000000       0.999999999993557     
   54.0000000000000       0.999999999993556     
   52.0000000000000       0.999999999993556     
   52.0000000000000       0.999999999993552     
   50.0000000000000       0.999999999993552     
   50.0000000000000       0.999999909616415     
   48.0000000000000       0.999999909616415     
   48.0000000000000       0.999998365081824     
   46.0000000000000       0.999998365081824     
   46.0000000000000       0.999998365081841     
   44.0000000000000       0.999998365081841     
   44.0000000000000       0.999998365081846     
   42.0000000000000       0.999998365081846     
   42.0000000000000       0.999998365081848     
   40.0000000000000       0.999998365081848     
   40.0000000000000       0.999991232186933     
   38.0000000000000       0.999991232186933     
   38.0000000000000       0.999885957753460     
   36.0000000000000       0.999885957753460     
   36.0000000000000       0.997431771310378     
   34.0000000000000       0.997431771310378     
   34.0000000000000       0.995031680632132     
   32.0000000000000       0.995031680632132     
   32.0000000000000       0.972190357830710     
   30.0000000000000       0.972190357830710     
   30.0000000000000       0.953786253185991     
   28.0000000000000       0.953786253185991     
   28.0000000000000       0.951064124073781     
   26.0000000000000       0.951064124073781     
   26.0000000000000       0.940333903193310     
   24.0000000000000       0.940333903193310     
   24.0000000000000       0.937001440935709     
   22.0000000000000       0.937001440935709     
   22.0000000000000       0.929052863349872     
   20.0000000000000       0.929052863349872     
   20.0000000000000       0.891308780352186     
   18.0000000000000       0.891308780352186     
   18.0000000000000       0.890501640746515     
   16.0000000000000       0.890501640746515     
   16.0000000000000       0.908567601360523     
   14.0000000000000       0.908567601360523     
   14.0000000000000       0.872259845634973     
   12.0000000000000       0.872259845634973     
   12.0000000000000       0.865019640701682     
   10.0000000000000       0.865019640701682     
   10.0000000000000       0.864531380831884     
   8.00000000000000       0.864531380831884     
   8.00000000000000       0.864054628752940     
   6.00000000000000       0.864054628752940     
   6.00000000000000       0.863630481271534     
   4.00000000000000       0.863630481271534     
   4.00000000000000       0.863403660905574     
   2.00000000000000       0.863403660905574     
   2.00000000000000       0.863323037006651     
  0.000000000000000E+000  0.863323037006651     
