>    -Wthicker,201/175/056
   80.0000000000000        1.00000000000000     
   80.0000000000000       0.999999999934537     
   78.0000000000000       0.999999999934537     
   78.0000000000000       0.999999999685700     
   76.0000000000000       0.999999999685700     
   76.0000000000000       0.999999999589367     
   74.0000000000000       0.999999999589367     
   74.0000000000000       0.999999999590336     
   72.0000000000000       0.999999999590336     
   72.0000000000000       0.999999999470443     
   70.0000000000000       0.999999999470443     
   70.0000000000000       0.999999999470608     
   68.0000000000000       0.999999999470608     
   68.0000000000000       0.999999999470659     
   66.0000000000000       0.999999999470659     
   66.0000000000000       0.999999999500931     
   64.0000000000000       0.999999999500931     
   64.0000000000000       0.999999920444698     
   62.0000000000000       0.999999920444698     
   62.0000000000000       0.999999920444719     
   60.0000000000000       0.999999920444719     
   60.0000000000000       0.999999920474799     
   58.0000000000000       0.999999920474799     
   58.0000000000000       0.999999920005845     
   56.0000000000000       0.999999920005845     
   56.0000000000000       0.999999919992850     
   54.0000000000000       0.999999919992850     
   54.0000000000000       0.999999919982554     
   52.0000000000000       0.999999919982554     
   52.0000000000000       0.999977426290218     
   50.0000000000000       0.999977426290218     
   50.0000000000000       0.999961883472682     
   48.0000000000000       0.999961883472682     
   48.0000000000000       0.995518643564616     
   46.0000000000000       0.995518643564616     
   46.0000000000000       0.974865817526561     
   44.0000000000000       0.974865817526561     
   44.0000000000000       0.974866248901187     
   42.0000000000000       0.974866248901187     
   42.0000000000000       0.974867652312475     
   40.0000000000000       0.974867652312475     
   40.0000000000000       0.974867772822399     
   38.0000000000000       0.974867772822399     
   38.0000000000000       0.974867373486010     
   36.0000000000000       0.974867373486010     
   36.0000000000000       0.974866454576500     
   34.0000000000000       0.974866454576500     
   34.0000000000000       0.974866262838493     
   32.0000000000000       0.974866262838493     
   32.0000000000000       0.978936473972023     
   30.0000000000000       0.978936473972023     
   30.0000000000000       0.974893801718575     
   28.0000000000000       0.974893801718575     
   28.0000000000000       0.974570771836024     
   26.0000000000000       0.974570771836024     
   26.0000000000000       0.974563159903930     
   24.0000000000000       0.974563159903930     
   24.0000000000000       0.974519562868084     
   22.0000000000000       0.974519562868084     
   22.0000000000000       0.974385424626641     
   20.0000000000000       0.974385424626641     
   20.0000000000000       0.974030769067512     
   18.0000000000000       0.974030769067512     
   18.0000000000000       0.973885836125802     
   16.0000000000000       0.973885836125802     
   16.0000000000000       0.973603397771491     
   14.0000000000000       0.973603397771491     
   14.0000000000000       0.972050004964166     
   12.0000000000000       0.972050004964166     
   12.0000000000000       0.970384462087915     
   10.0000000000000       0.970384462087915     
   10.0000000000000       0.960851975013943     
   8.00000000000000       0.960851975013943     
   8.00000000000000       0.950903175717784     
   6.00000000000000       0.950903175717784     
   6.00000000000000       0.883933893099848     
   4.00000000000000       0.883933893099848     
   4.00000000000000       0.874717337081022     
   2.00000000000000       0.874717337081022     
   2.00000000000000       0.874714190675298     
  0.000000000000000E+000  0.874714190675298     
