>    -Wthicker,171/216/048
   80.0000000000000        1.00000000000000     
   80.0000000000000       0.992884257659262     
   78.0000000000000       0.992884257659262     
   78.0000000000000       0.979678883576957     
   76.0000000000000       0.979678883576957     
   76.0000000000000       0.949329823173517     
   74.0000000000000       0.949329823173517     
   74.0000000000000       0.949265422153529     
   72.0000000000000       0.949265422153529     
   72.0000000000000       0.950049276205215     
   70.0000000000000       0.950049276205215     
   70.0000000000000       0.952921667578311     
   68.0000000000000       0.952921667578311     
   68.0000000000000       0.951703248599831     
   66.0000000000000       0.951703248599831     
   66.0000000000000       0.949328377101340     
   64.0000000000000       0.949328377101340     
   64.0000000000000       0.949290710974670     
   62.0000000000000       0.949290710974670     
   62.0000000000000       0.960326492478136     
   60.0000000000000       0.960326492478136     
   60.0000000000000       0.950169481017010     
   58.0000000000000       0.950169481017010     
   58.0000000000000       0.949983851392289     
   56.0000000000000       0.949983851392289     
   56.0000000000000       0.949679538398534     
   54.0000000000000       0.949679538398534     
   54.0000000000000       0.954399919797786     
   52.0000000000000       0.954399919797786     
   52.0000000000000       0.946985018079863     
   50.0000000000000       0.946985018079863     
   50.0000000000000       0.947514954235979     
   48.0000000000000       0.947514954235979     
   48.0000000000000       0.942775291533497     
   46.0000000000000       0.942775291533497     
   46.0000000000000       0.942917087106944     
   44.0000000000000       0.942917087106944     
   44.0000000000000       0.943038963184630     
   42.0000000000000       0.943038963184630     
   42.0000000000000       0.943087930180900     
   40.0000000000000       0.943087930180900     
   40.0000000000000       0.941616024471735     
   38.0000000000000       0.941616024471735     
   38.0000000000000       0.901624687250426     
   36.0000000000000       0.901624687250426     
   36.0000000000000       0.904270257804026     
   34.0000000000000       0.904270257804026     
   34.0000000000000       0.881149746404211     
   32.0000000000000       0.881149746404211     
   32.0000000000000       0.895762302755028     
   30.0000000000000       0.895762302755028     
   30.0000000000000       0.869408336098940     
   28.0000000000000       0.869408336098940     
   28.0000000000000       0.775980827473335     
   26.0000000000000       0.775980827473335     
   26.0000000000000       0.728851462597872     
   24.0000000000000       0.728851462597872     
   24.0000000000000       0.606603159881742     
   22.0000000000000       0.606603159881742     
   22.0000000000000       0.525850273021797     
   20.0000000000000       0.525850273021797     
   20.0000000000000       0.836371270926511     
   18.0000000000000       0.836371270926511     
   18.0000000000000       0.823156020998188     
   16.0000000000000       0.823156020998188     
   16.0000000000000       0.825040167069697     
   14.0000000000000       0.825040167069697     
   14.0000000000000       0.752587428261083     
   12.0000000000000       0.752587428261083     
   12.0000000000000       0.825911141244005     
   10.0000000000000       0.825911141244005     
   10.0000000000000       0.865866163664368     
   8.00000000000000       0.865866163664368     
   8.00000000000000       0.812353819141708     
   6.00000000000000       0.812353819141708     
   6.00000000000000       0.803704910206542     
   4.00000000000000       0.803704910206542     
   4.00000000000000       0.803697675462962     
   2.00000000000000       0.803697675462962     
   2.00000000000000       0.803691229223014     
  0.000000000000000E+000  0.803691229223014     
