>    -Wthicker,206/225/049
   80.0000000000000        1.00000000000000     
   80.0000000000000        1.00000000000000     
   78.0000000000000        1.00000000000000     
   78.0000000000000        1.00000000000000     
   76.0000000000000        1.00000000000000     
   76.0000000000000        1.00000000000000     
   74.0000000000000        1.00000000000000     
   74.0000000000000        1.00000000000000     
   72.0000000000000        1.00000000000000     
   72.0000000000000        1.00000000000000     
   70.0000000000000        1.00000000000000     
   70.0000000000000        1.00000000000000     
   68.0000000000000        1.00000000000000     
   68.0000000000000        1.00000000000000     
   66.0000000000000        1.00000000000000     
   66.0000000000000        1.00000000000000     
   64.0000000000000        1.00000000000000     
   64.0000000000000       0.999999999993712     
   62.0000000000000       0.999999999993712     
   62.0000000000000       0.999999999993712     
   60.0000000000000       0.999999999993712     
   60.0000000000000       0.999999999993712     
   58.0000000000000       0.999999999993712     
   58.0000000000000       0.999999999993712     
   56.0000000000000       0.999999999993712     
   56.0000000000000       0.999999999993712     
   54.0000000000000       0.999999999993712     
   54.0000000000000       0.999999999993712     
   52.0000000000000       0.999999999993712     
   52.0000000000000       0.999999999993713     
   50.0000000000000       0.999999999993713     
   50.0000000000000       0.999644651667216     
   48.0000000000000       0.999644651667216     
   48.0000000000000       0.993571790130515     
   46.0000000000000       0.993571790130515     
   46.0000000000000       0.993571790193025     
   44.0000000000000       0.993571790193025     
   44.0000000000000       0.993571790192907     
   42.0000000000000       0.993571790192907     
   42.0000000000000       0.993571790199082     
   40.0000000000000       0.993571790199082     
   40.0000000000000       0.980080067065236     
   38.0000000000000       0.980080067065236     
   38.0000000000000       0.956713357225365     
   36.0000000000000       0.956713357225365     
   36.0000000000000       0.947357512940540     
   34.0000000000000       0.947357512940540     
   34.0000000000000       0.907633937867641     
   32.0000000000000       0.907633937867641     
   32.0000000000000       0.907625616110117     
   30.0000000000000       0.907625616110117     
   30.0000000000000       0.855608942491085     
   28.0000000000000       0.855608942491085     
   28.0000000000000       0.782504662156382     
   26.0000000000000       0.782504662156382     
   26.0000000000000       0.715922087909803     
   24.0000000000000       0.715922087909803     
   24.0000000000000       0.882850474143535     
   22.0000000000000       0.882850474143535     
   22.0000000000000       0.933875619359849     
   20.0000000000000       0.933875619359849     
   20.0000000000000       0.935538900358930     
   18.0000000000000       0.935538900358930     
   18.0000000000000       0.915301298105057     
   16.0000000000000       0.915301298105057     
   16.0000000000000       0.916809143229688     
   14.0000000000000       0.916809143229688     
   14.0000000000000       0.918401283693062     
   12.0000000000000       0.918401283693062     
   12.0000000000000       0.915306425048010     
   10.0000000000000       0.915306425048010     
   10.0000000000000       0.899692792539362     
   8.00000000000000       0.899692792539362     
   8.00000000000000       0.888579426711501     
   6.00000000000000       0.888579426711501     
   6.00000000000000       0.880975542923974     
   4.00000000000000       0.880975542923974     
   4.00000000000000       0.872985287827858     
   2.00000000000000       0.872985287827858     
   2.00000000000000       0.869075082891414     
  0.000000000000000E+000  0.869075082891414     
