>    -Wthicker,190/235/208
   80.0000000000000        1.00000000000000     
   80.0000000000000       0.987396240116591     
   78.0000000000000       0.987396240116591     
   78.0000000000000       0.975266118218266     
   76.0000000000000       0.975266118218266     
   76.0000000000000       0.972609654437226     
   74.0000000000000       0.972609654437226     
   74.0000000000000       0.972586335704354     
   72.0000000000000       0.972586335704354     
   72.0000000000000       0.973640932192234     
   70.0000000000000       0.973640932192234     
   70.0000000000000       0.972883671330417     
   68.0000000000000       0.972883671330417     
   68.0000000000000       0.973290561145557     
   66.0000000000000       0.973290561145557     
   66.0000000000000       0.971955598965210     
   64.0000000000000       0.971955598965210     
   64.0000000000000       0.971942349994982     
   62.0000000000000       0.971942349994982     
   62.0000000000000       0.976173367313244     
   60.0000000000000       0.976173367313244     
   60.0000000000000       0.974868687561868     
   58.0000000000000       0.974868687561868     
   58.0000000000000       0.974800931949387     
   56.0000000000000       0.974800931949387     
   56.0000000000000       0.974715259746622     
   54.0000000000000       0.974715259746622     
   54.0000000000000       0.975986995848599     
   52.0000000000000       0.975986995848599     
   52.0000000000000       0.971922553000098     
   50.0000000000000       0.971922553000098     
   50.0000000000000       0.959776619509869     
   48.0000000000000       0.959776619509869     
   48.0000000000000       0.929985554291443     
   46.0000000000000       0.929985554291443     
   46.0000000000000       0.930057038954793     
   44.0000000000000       0.930057038954793     
   44.0000000000000       0.930125615500372     
   42.0000000000000       0.930125615500372     
   42.0000000000000       0.930156441770677     
   40.0000000000000       0.930156441770677     
   40.0000000000000       0.929246935546642     
   38.0000000000000       0.929246935546642     
   38.0000000000000       0.906589487788831     
   36.0000000000000       0.906589487788831     
   36.0000000000000       0.911128538666497     
   34.0000000000000       0.911128538666497     
   34.0000000000000       0.906692823043109     
   32.0000000000000       0.906692823043109     
   32.0000000000000       0.914439127233593     
   30.0000000000000       0.914439127233593     
   30.0000000000000       0.899010066659678     
   28.0000000000000       0.899010066659678     
   28.0000000000000       0.864793893438072     
   26.0000000000000       0.864793893438072     
   26.0000000000000       0.787792795528278     
   24.0000000000000       0.787792795528278     
   24.0000000000000       0.715066910596184     
   22.0000000000000       0.715066910596184     
   22.0000000000000       0.804312109305724     
   20.0000000000000       0.804312109305724     
   20.0000000000000       0.877143692336601     
   18.0000000000000       0.877143692336601     
   18.0000000000000       0.884788654998692     
   16.0000000000000       0.884788654998692     
   16.0000000000000       0.897449678953449     
   14.0000000000000       0.897449678953449     
   14.0000000000000       0.823723108549239     
   12.0000000000000       0.823723108549239     
   12.0000000000000       0.854873732931156     
   10.0000000000000       0.854873732931156     
   10.0000000000000       0.902922477335424     
   8.00000000000000       0.902922477335424     
   8.00000000000000       0.780836860646376     
   6.00000000000000       0.780836860646376     
   6.00000000000000       0.802105114400520     
   4.00000000000000       0.802105114400520     
   4.00000000000000       0.802090333783747     
   2.00000000000000       0.802090333783747     
   2.00000000000000       0.802076367941173     
  0.000000000000000E+000  0.802076367941173     
