>    -Wthicker,209/214/164
   80.0000000000000        1.00000000000000     
   80.0000000000000       0.973993406600183     
   78.0000000000000       0.973993406600183     
   78.0000000000000       0.949046608331897     
   76.0000000000000       0.949046608331897     
   76.0000000000000       0.944144992335741     
   74.0000000000000       0.944144992335741     
   74.0000000000000       0.944099222377967     
   72.0000000000000       0.944099222377967     
   72.0000000000000       0.946112382026261     
   70.0000000000000       0.946112382026261     
   70.0000000000000       0.949242726262042     
   68.0000000000000       0.949242726262042     
   68.0000000000000       0.950081648222944     
   66.0000000000000       0.950081648222944     
   66.0000000000000       0.947599118833643     
   64.0000000000000       0.947599118833643     
   64.0000000000000       0.947574372304492     
   62.0000000000000       0.947574372304492     
   62.0000000000000       0.955320388313377     
   60.0000000000000       0.955320388313377     
   60.0000000000000       0.952812691710824     
   58.0000000000000       0.952812691710824     
   58.0000000000000       0.952685060597119     
   56.0000000000000       0.952685060597119     
   56.0000000000000       0.952521765203216     
   54.0000000000000       0.952521765203216     
   54.0000000000000       0.954924991171653     
   52.0000000000000       0.954924991171653     
   52.0000000000000       0.950113133000599     
   50.0000000000000       0.950113133000599     
   50.0000000000000       0.951165551889287     
   48.0000000000000       0.951165551889287     
   48.0000000000000       0.938499066490533     
   46.0000000000000       0.938499066490533     
   46.0000000000000       0.938580903904352     
   44.0000000000000       0.938580903904352     
   44.0000000000000       0.938655582754817     
   42.0000000000000       0.938655582754817     
   42.0000000000000       0.938687687215243     
   40.0000000000000       0.938687687215243     
   40.0000000000000       0.937206493905057     
   38.0000000000000       0.937206493905057     
   38.0000000000000       0.907312918450826     
   36.0000000000000       0.907312918450826     
   36.0000000000000       0.902049274342756     
   34.0000000000000       0.902049274342756     
   34.0000000000000       0.894314985209407     
   32.0000000000000       0.894314985209407     
   32.0000000000000       0.904737872693009     
   30.0000000000000       0.904737872693009     
   30.0000000000000       0.886019119396273     
   28.0000000000000       0.886019119396273     
   28.0000000000000       0.839739873632865     
   26.0000000000000       0.839739873632865     
   26.0000000000000       0.795315483452615     
   24.0000000000000       0.795315483452615     
   24.0000000000000       0.706735466189866     
   22.0000000000000       0.706735466189866     
   22.0000000000000       0.755899102852466     
   20.0000000000000       0.755899102852466     
   20.0000000000000       0.875697706313733     
   18.0000000000000       0.875697706313733     
   18.0000000000000       0.878255175010650     
   16.0000000000000       0.878255175010650     
   16.0000000000000       0.887488859121616     
   14.0000000000000       0.887488859121616     
   14.0000000000000       0.734860279042902     
   12.0000000000000       0.734860279042902     
   12.0000000000000       0.787123436752547     
   10.0000000000000       0.787123436752547     
   10.0000000000000       0.882304428957074     
   8.00000000000000       0.882304428957074     
   8.00000000000000       0.790767011889953     
   6.00000000000000       0.790767011889953     
   6.00000000000000       0.790283905540856     
   4.00000000000000       0.790283905540856     
   4.00000000000000       0.790271897947361     
   2.00000000000000       0.790271897947361     
   2.00000000000000       0.790261134667704     
  0.000000000000000E+000  0.790261134667704     
