>    -Wthicker,093/244/105
   80.0000000000000        1.00000000000000     
   80.0000000000000       0.999884730230097     
   78.0000000000000       0.999884730230097     
   78.0000000000000       0.999796771739452     
   76.0000000000000       0.999796771739452     
   76.0000000000000       0.999796771739456     
   74.0000000000000       0.999796771739456     
   74.0000000000000       0.999796771739454     
   72.0000000000000       0.999796771739454     
   72.0000000000000       0.999796771739454     
   70.0000000000000       0.999796771739454     
   70.0000000000000       0.999796771753155     
   68.0000000000000       0.999796771753155     
   68.0000000000000       0.999796771810303     
   66.0000000000000       0.999796771810303     
   66.0000000000000       0.999796771810301     
   64.0000000000000       0.999796771810301     
   64.0000000000000       0.999796771810492     
   62.0000000000000       0.999796771810492     
   62.0000000000000       0.999796771814438     
   60.0000000000000       0.999796771814438     
   60.0000000000000       0.999796694608340     
   58.0000000000000       0.999796694608340     
   58.0000000000000       0.999796400740898     
   56.0000000000000       0.999796400740898     
   56.0000000000000       0.999796132965936     
   54.0000000000000       0.999796132965936     
   54.0000000000000       0.999850359507479     
   52.0000000000000       0.999850359507479     
   52.0000000000000       0.999787897659113     
   50.0000000000000       0.999787897659113     
   50.0000000000000       0.999785345338784     
   48.0000000000000       0.999785345338784     
   48.0000000000000       0.999785436435157     
   46.0000000000000       0.999785436435157     
   46.0000000000000       0.999785286837817     
   44.0000000000000       0.999785286837817     
   44.0000000000000       0.999785517708472     
   42.0000000000000       0.999785517708472     
   42.0000000000000       0.999754039439330     
   40.0000000000000       0.999754039439330     
   40.0000000000000       0.999741753363280     
   38.0000000000000       0.999741753363280     
   38.0000000000000       0.999810784159296     
   36.0000000000000       0.999810784159296     
   36.0000000000000       0.999798392232711     
   34.0000000000000       0.999798392232711     
   34.0000000000000       0.999798458325554     
   32.0000000000000       0.999798458325554     
   32.0000000000000       0.999798512754021     
   30.0000000000000       0.999798512754021     
   30.0000000000000       0.999798514431889     
   28.0000000000000       0.999798514431889     
   28.0000000000000       0.999795788313890     
   26.0000000000000       0.999795788313890     
   26.0000000000000       0.999792683043991     
   24.0000000000000       0.999792683043991     
   24.0000000000000       0.999792708393920     
   22.0000000000000       0.999792708393920     
   22.0000000000000       0.999792774699141     
   20.0000000000000       0.999792774699141     
   20.0000000000000       0.999792424267606     
   18.0000000000000       0.999792424267606     
   18.0000000000000       0.999604073678198     
   16.0000000000000       0.999604073678198     
   16.0000000000000       0.999218334826432     
   14.0000000000000       0.999218334826432     
   14.0000000000000       0.999157211409962     
   12.0000000000000       0.999157211409962     
   12.0000000000000       0.997944659755547     
   10.0000000000000       0.997944659755547     
   10.0000000000000       0.996192271598405     
   8.00000000000000       0.996192271598405     
   8.00000000000000       0.834717483450523     
   6.00000000000000       0.834717483450523     
   6.00000000000000       0.683813361579917     
   4.00000000000000       0.683813361579917     
   4.00000000000000       0.581607729419917     
   2.00000000000000       0.581607729419917     
   2.00000000000000       2.629266841033194E-002
  0.000000000000000E+000  2.629266841033194E-002
