>    -Wthicker,062/158/170
   80.0000000000000        1.00000000000000     
   80.0000000000000       0.999999999336153     
   78.0000000000000       0.999999999336153     
   78.0000000000000       0.999999998684200     
   76.0000000000000       0.999999998684200     
   76.0000000000000       0.999999998189423     
   74.0000000000000       0.999999998189423     
   74.0000000000000       0.999999996229899     
   72.0000000000000       0.999999996229899     
   72.0000000000000       0.999999996282742     
   70.0000000000000       0.999999996282742     
   70.0000000000000       0.999789884719478     
   68.0000000000000       0.999789884719478     
   68.0000000000000       0.993098584315098     
   66.0000000000000       0.993098584315098     
   66.0000000000000       0.993098577240810     
   64.0000000000000       0.993098577240810     
   64.0000000000000       0.993098576604157     
   62.0000000000000       0.993098576604157     
   62.0000000000000       0.993489261801759     
   60.0000000000000       0.993489261801759     
   60.0000000000000       0.992500433719070     
   58.0000000000000       0.992500433719070     
   58.0000000000000       0.992494090962261     
   56.0000000000000       0.992494090962261     
   56.0000000000000       0.993456255121159     
   54.0000000000000       0.993456255121159     
   54.0000000000000       0.994120178399130     
   52.0000000000000       0.994120178399130     
   52.0000000000000       0.994120087044834     
   50.0000000000000       0.994120087044834     
   50.0000000000000       0.994120026638542     
   48.0000000000000       0.994120026638542     
   48.0000000000000       0.994121227887951     
   46.0000000000000       0.994121227887951     
   46.0000000000000       0.994130450180797     
   44.0000000000000       0.994130450180797     
   44.0000000000000       0.993997014948391     
   42.0000000000000       0.993997014948391     
   42.0000000000000       0.993137473689161     
   40.0000000000000       0.993137473689161     
   40.0000000000000       0.991739608769476     
   38.0000000000000       0.991739608769476     
   38.0000000000000       0.986442996500185     
   36.0000000000000       0.986442996500185     
   36.0000000000000       0.936073644069596     
   34.0000000000000       0.936073644069596     
   34.0000000000000       0.937454014091307     
   32.0000000000000       0.937454014091307     
   32.0000000000000       0.934352706081333     
   30.0000000000000       0.934352706081333     
   30.0000000000000       0.897720352777111     
   28.0000000000000       0.897720352777111     
   28.0000000000000       0.901518596879684     
   26.0000000000000       0.901518596879684     
   26.0000000000000       0.906371519060150     
   24.0000000000000       0.906371519060150     
   24.0000000000000       0.906662863160134     
   22.0000000000000       0.906662863160134     
   22.0000000000000       0.786041442940401     
   20.0000000000000       0.786041442940401     
   20.0000000000000       0.673962440501132     
   18.0000000000000       0.673962440501132     
   18.0000000000000       0.781128203930395     
   16.0000000000000       0.781128203930395     
   16.0000000000000       0.692831647379122     
   14.0000000000000       0.692831647379122     
   14.0000000000000       0.742677095471226     
   12.0000000000000       0.742677095471226     
   12.0000000000000       0.658463886837443     
   10.0000000000000       0.658463886837443     
   10.0000000000000       0.822224699214379     
   8.00000000000000       0.822224699214379     
   8.00000000000000       0.821955430696410     
   6.00000000000000       0.821955430696410     
   6.00000000000000       0.810118515878083     
   4.00000000000000       0.810118515878083     
   4.00000000000000       0.796826994732096     
   2.00000000000000       0.796826994732096     
   2.00000000000000       0.795185134322287     
  0.000000000000000E+000  0.795185134322287     
