>    -Wthicker,235/088/151
   80.0000000000000        1.00000000000000     
   80.0000000000000       0.997014218391043     
   78.0000000000000       0.997014218391043     
   78.0000000000000       0.995534993711110     
   76.0000000000000       0.995534993711110     
   76.0000000000000       0.996779702305303     
   74.0000000000000       0.996779702305303     
   74.0000000000000       0.997096301570083     
   72.0000000000000       0.997096301570083     
   72.0000000000000       0.997095235883967     
   70.0000000000000       0.997095235883967     
   70.0000000000000       0.996717819462512     
   68.0000000000000       0.996717819462512     
   68.0000000000000       0.997218751466760     
   66.0000000000000       0.997218751466760     
   66.0000000000000       0.997276101492838     
   64.0000000000000       0.997276101492838     
   64.0000000000000       0.996811351760360     
   62.0000000000000       0.996811351760360     
   62.0000000000000       0.997083953966230     
   60.0000000000000       0.997083953966230     
   60.0000000000000       0.997795544911720     
   58.0000000000000       0.997795544911720     
   58.0000000000000       0.978518610946173     
   56.0000000000000       0.978518610946173     
   56.0000000000000       0.978492184581564     
   54.0000000000000       0.978492184581564     
   54.0000000000000       0.978602815944667     
   52.0000000000000       0.978602815944667     
   52.0000000000000       0.978776028355097     
   50.0000000000000       0.978776028355097     
   50.0000000000000       0.978924323471415     
   48.0000000000000       0.978924323471415     
   48.0000000000000       0.979238343702695     
   46.0000000000000       0.979238343702695     
   46.0000000000000       0.975894318272135     
   44.0000000000000       0.975894318272135     
   44.0000000000000       0.975901282986144     
   42.0000000000000       0.975901282986144     
   42.0000000000000       0.975900385898235     
   40.0000000000000       0.975900385898235     
   40.0000000000000       0.975900386579151     
   38.0000000000000       0.975900386579151     
   38.0000000000000       0.977825445338803     
   36.0000000000000       0.977825445338803     
   36.0000000000000       0.968599291080320     
   34.0000000000000       0.968599291080320     
   34.0000000000000       0.968599160083915     
   32.0000000000000       0.968599160083915     
   32.0000000000000       0.968545137438974     
   30.0000000000000       0.968545137438974     
   30.0000000000000       0.968278298709186     
   28.0000000000000       0.968278298709186     
   28.0000000000000       0.968177031570573     
   26.0000000000000       0.968177031570573     
   26.0000000000000       0.968194702143063     
   24.0000000000000       0.968194702143063     
   24.0000000000000       0.951504782866967     
   22.0000000000000       0.951504782866967     
   22.0000000000000       0.951108517856851     
   20.0000000000000       0.951108517856851     
   20.0000000000000       0.949999272212480     
   18.0000000000000       0.949999272212480     
   18.0000000000000       0.939990380739759     
   16.0000000000000       0.939990380739759     
   16.0000000000000       0.937313132252619     
   14.0000000000000       0.937313132252619     
   14.0000000000000       0.948146047418602     
   12.0000000000000       0.948146047418602     
   12.0000000000000       0.948520455362420     
   10.0000000000000       0.948520455362420     
   10.0000000000000       0.926294879165504     
   8.00000000000000       0.926294879165504     
   8.00000000000000       0.891333829539464     
   6.00000000000000       0.891333829539464     
   6.00000000000000       0.835115075871992     
   4.00000000000000       0.835115075871992     
   4.00000000000000       0.617911607571242     
   2.00000000000000       0.617911607571242     
   2.00000000000000       9.976280693597728E-003
  0.000000000000000E+000  9.976280693597728E-003
