>    -Wthicker,139/126/055
   80.0000000000000        1.00000000000000     
   80.0000000000000       0.999999999582685     
   78.0000000000000       0.999999999582685     
   78.0000000000000       0.999999999264246     
   76.0000000000000       0.999999999264246     
   76.0000000000000       0.999999999264246     
   74.0000000000000       0.999999999264246     
   74.0000000000000       0.999999999264246     
   72.0000000000000       0.999999999264246     
   72.0000000000000       0.999999999264246     
   70.0000000000000       0.999999999264246     
   70.0000000000000       0.999999999264246     
   68.0000000000000       0.999999999264246     
   68.0000000000000       0.999999999264246     
   66.0000000000000       0.999999999264246     
   66.0000000000000       0.999999999264246     
   64.0000000000000       0.999999999264246     
   64.0000000000000       0.999999999264246     
   62.0000000000000       0.999999999264246     
   62.0000000000000       0.999999999264246     
   60.0000000000000       0.999999999264246     
   60.0000000000000       0.999999999264228     
   58.0000000000000       0.999999999264228     
   58.0000000000000       0.999999999264179     
   56.0000000000000       0.999999999264179     
   56.0000000000000       0.999999999264133     
   54.0000000000000       0.999999999264133     
   54.0000000000000       0.999999999382476     
   52.0000000000000       0.999999999382476     
   52.0000000000000       0.999999907875942     
   50.0000000000000       0.999999907875942     
   50.0000000000000       0.999999748129189     
   48.0000000000000       0.999999748129189     
   48.0000000000000       0.999999612509293     
   46.0000000000000       0.999999612509293     
   46.0000000000000       0.999959696414442     
   44.0000000000000       0.999959696414442     
   44.0000000000000       0.999959853980817     
   42.0000000000000       0.999959853980817     
   42.0000000000000       0.999960238803244     
   40.0000000000000       0.999960238803244     
   40.0000000000000       0.999960239573347     
   38.0000000000000       0.999960239573347     
   38.0000000000000       0.999960238201434     
   36.0000000000000       0.999960238201434     
   36.0000000000000       0.999960238284674     
   34.0000000000000       0.999960238284674     
   34.0000000000000       0.999960238360644     
   32.0000000000000       0.999960238360644     
   32.0000000000000       0.999960238389244     
   30.0000000000000       0.999960238389244     
   30.0000000000000       0.999960238392146     
   28.0000000000000       0.999960238392146     
   28.0000000000000       0.999960238500716     
   26.0000000000000       0.999960238500716     
   26.0000000000000       0.999960238640049     
   24.0000000000000       0.999960238640049     
   24.0000000000000       0.999960238658673     
   22.0000000000000       0.999960238658673     
   22.0000000000000       0.999959905946579     
   20.0000000000000       0.999959905946579     
   20.0000000000000       0.999959598145262     
   18.0000000000000       0.999959598145262     
   18.0000000000000       0.999956391439039     
   16.0000000000000       0.999956391439039     
   16.0000000000000       0.999952701857622     
   14.0000000000000       0.999952701857622     
   14.0000000000000       0.999663005678648     
   12.0000000000000       0.999663005678648     
   12.0000000000000       0.999539662981081     
   10.0000000000000       0.999539662981081     
   10.0000000000000       0.995940291014901     
   8.00000000000000       0.995940291014901     
   8.00000000000000       0.912094020268082     
   6.00000000000000       0.912094020268082     
   6.00000000000000       0.741600641501087     
   4.00000000000000       0.741600641501087     
   4.00000000000000       0.297693118387711     
   2.00000000000000       0.297693118387711     
   2.00000000000000       2.275971223129365E-002
  0.000000000000000E+000  2.275971223129365E-002
