>    -Wthicker,161/150/056
   80.0000000000000        1.00000000000000     
   80.0000000000000       0.999999999998832     
   78.0000000000000       0.999999999998832     
   78.0000000000000       0.999999999997659     
   76.0000000000000       0.999999999997659     
   76.0000000000000       0.999999999997111     
   74.0000000000000       0.999999999997111     
   74.0000000000000       0.999999999997104     
   72.0000000000000       0.999999999997104     
   72.0000000000000       0.999999999997206     
   70.0000000000000       0.999999999997206     
   70.0000000000000       0.999999999997026     
   68.0000000000000       0.999999999997026     
   68.0000000000000       0.999999999997108     
   66.0000000000000       0.999999999997108     
   66.0000000000000       0.999999999997002     
   64.0000000000000       0.999999999997002     
   64.0000000000000       0.999971429985458     
   62.0000000000000       0.999971429985458     
   62.0000000000000       0.999929653712288     
   60.0000000000000       0.999929653712288     
   60.0000000000000       0.999929749570182     
   58.0000000000000       0.999929749570182     
   58.0000000000000       0.999929917963669     
   56.0000000000000       0.999929917963669     
   56.0000000000000       0.999929917968870     
   54.0000000000000       0.999929917968870     
   54.0000000000000       0.999929917968605     
   52.0000000000000       0.999929917968605     
   52.0000000000000       0.999929917964480     
   50.0000000000000       0.999929917964480     
   50.0000000000000       0.999929917957140     
   48.0000000000000       0.999929917957140     
   48.0000000000000       0.999929931927272     
   46.0000000000000       0.999929931927272     
   46.0000000000000       0.999930088805900     
   44.0000000000000       0.999930088805900     
   44.0000000000000       0.999930088815813     
   42.0000000000000       0.999930088815813     
   42.0000000000000       0.999930088816078     
   40.0000000000000       0.999930088816078     
   40.0000000000000       0.999930088813863     
   38.0000000000000       0.999930088813863     
   38.0000000000000       0.999930088688536     
   36.0000000000000       0.999930088688536     
   36.0000000000000       0.999930079526345     
   34.0000000000000       0.999930079526345     
   34.0000000000000       0.999930079505954     
   32.0000000000000       0.999930079505954     
   32.0000000000000       0.999930079492366     
   30.0000000000000       0.999930079492366     
   30.0000000000000       0.999930079428791     
   28.0000000000000       0.999930079428791     
   28.0000000000000       0.999930079343084     
   26.0000000000000       0.999930079343084     
   26.0000000000000       0.999930079233698     
   24.0000000000000       0.999930079233698     
   24.0000000000000       0.999930079127791     
   22.0000000000000       0.999930079127791     
   22.0000000000000       0.999930079299794     
   20.0000000000000       0.999930079299794     
   20.0000000000000       0.999930079584262     
   18.0000000000000       0.999930079584262     
   18.0000000000000       0.999930079615593     
   16.0000000000000       0.999930079615593     
   16.0000000000000       0.999930079613445     
   14.0000000000000       0.999930079613445     
   14.0000000000000       0.999930079565989     
   12.0000000000000       0.999930079565989     
   12.0000000000000       0.999930079492986     
   10.0000000000000       0.999930079492986     
   10.0000000000000       0.999930079299076     
   8.00000000000000       0.999930079299076     
   8.00000000000000       0.999930078260565     
   6.00000000000000       0.999930078260565     
   6.00000000000000       0.999891094833780     
   4.00000000000000       0.999891094833780     
   4.00000000000000       0.966372458532310     
   2.00000000000000       0.966372458532310     
   2.00000000000000       0.463379630610513     
  0.000000000000000E+000  0.463379630610513     
