>    -Wthicker,035/241/165
   80.0000000000000        1.00000000000000     
   80.0000000000000       0.999999997357764     
   78.0000000000000       0.999999997357764     
   78.0000000000000       0.999999995341561     
   76.0000000000000       0.999999995341561     
   76.0000000000000       0.999999995341558     
   74.0000000000000       0.999999995341558     
   74.0000000000000       0.999999995341545     
   72.0000000000000       0.999999995341545     
   72.0000000000000       0.999999995341546     
   70.0000000000000       0.999999995341546     
   70.0000000000000       0.999999938928208     
   68.0000000000000       0.999999938928208     
   68.0000000000000       0.999998142366409     
   66.0000000000000       0.999998142366409     
   66.0000000000000       0.999998142364591     
   64.0000000000000       0.999998142364591     
   64.0000000000000       0.999998142364421     
   62.0000000000000       0.999998142364421     
   62.0000000000000       0.999998254219005     
   60.0000000000000       0.999998254219005     
   60.0000000000000       0.991781876915676     
   58.0000000000000       0.991781876915676     
   58.0000000000000       0.959946413492669     
   56.0000000000000       0.959946413492669     
   56.0000000000000       0.931245457223576     
   54.0000000000000       0.931245457223576     
   54.0000000000000       0.931264092756781     
   52.0000000000000       0.931264092756781     
   52.0000000000000       0.931270964313400     
   50.0000000000000       0.931270964313400     
   50.0000000000000       0.931271117206460     
   48.0000000000000       0.931271117206460     
   48.0000000000000       0.940456611354061     
   46.0000000000000       0.940456611354061     
   46.0000000000000       0.917594676331647     
   44.0000000000000       0.917594676331647     
   44.0000000000000       0.918256075226597     
   42.0000000000000       0.918256075226597     
   42.0000000000000       0.929834454517994     
   40.0000000000000       0.929834454517994     
   40.0000000000000       0.932110892755465     
   38.0000000000000       0.932110892755465     
   38.0000000000000       0.854182977813450     
   36.0000000000000       0.854182977813450     
   36.0000000000000       0.933250400363345     
   34.0000000000000       0.933250400363345     
   34.0000000000000       0.932692761982106     
   32.0000000000000       0.932692761982106     
   32.0000000000000       0.934029032463343     
   30.0000000000000       0.934029032463343     
   30.0000000000000       0.933718371558059     
   28.0000000000000       0.933718371558059     
   28.0000000000000       0.934401139323169     
   26.0000000000000       0.934401139323169     
   26.0000000000000       0.940730727296508     
   24.0000000000000       0.940730727296508     
   24.0000000000000       0.940630216299801     
   22.0000000000000       0.940630216299801     
   22.0000000000000       0.879727522436714     
   20.0000000000000       0.879727522436714     
   20.0000000000000       0.884412376465266     
   18.0000000000000       0.884412376465266     
   18.0000000000000       0.895307922913577     
   16.0000000000000       0.895307922913577     
   16.0000000000000       0.893905283573223     
   14.0000000000000       0.893905283573223     
   14.0000000000000       0.893631787032366     
   12.0000000000000       0.893631787032366     
   12.0000000000000       0.924561570160040     
   10.0000000000000       0.924561570160040     
   10.0000000000000       0.912041765580916     
   8.00000000000000       0.912041765580916     
   8.00000000000000       0.902599285300630     
   6.00000000000000       0.902599285300630     
   6.00000000000000       0.892829621378693     
   4.00000000000000       0.892829621378693     
   4.00000000000000       0.671436983886534     
   2.00000000000000       0.671436983886534     
   2.00000000000000       0.441394070181117     
  0.000000000000000E+000  0.441394070181117     
