>    -Wthicker,224/013/154
   80.0000000000000        1.00000000000000     
   80.0000000000000       0.999999999999073     
   78.0000000000000       0.999999999999073     
   78.0000000000000       0.999999904334426     
   76.0000000000000       0.999999904334426     
   76.0000000000000       0.999999905262888     
   74.0000000000000       0.999999905262888     
   74.0000000000000       0.999999904964374     
   72.0000000000000       0.999999904964374     
   72.0000000000000       0.999999935215498     
   70.0000000000000       0.999999935215498     
   70.0000000000000       0.999999932017552     
   68.0000000000000       0.999999932017552     
   68.0000000000000       0.999999932017552     
   66.0000000000000       0.999999932017552     
   66.0000000000000       0.999999849337464     
   64.0000000000000       0.999999849337464     
   64.0000000000000       0.999998963612363     
   62.0000000000000       0.999998963612363     
   62.0000000000000       0.999998959700813     
   60.0000000000000       0.999998959700813     
   60.0000000000000       0.996347504131122     
   58.0000000000000       0.996347504131122     
   58.0000000000000       0.858085226695284     
   56.0000000000000       0.858085226695284     
   56.0000000000000       0.858354271656776     
   54.0000000000000       0.858354271656776     
   54.0000000000000       0.858725868650457     
   52.0000000000000       0.858725868650457     
   52.0000000000000       0.853413877461560     
   50.0000000000000       0.853413877461560     
   50.0000000000000       0.787824893436347     
   48.0000000000000       0.787824893436347     
   48.0000000000000       0.809361722572870     
   46.0000000000000       0.809361722572870     
   46.0000000000000       0.810044907360610     
   44.0000000000000       0.810044907360610     
   44.0000000000000       0.868066824761727     
   42.0000000000000       0.868066824761727     
   42.0000000000000       0.892534694518599     
   40.0000000000000       0.892534694518599     
   40.0000000000000       0.958007433295676     
   38.0000000000000       0.958007433295676     
   38.0000000000000       0.959743090888160     
   36.0000000000000       0.959743090888160     
   36.0000000000000       0.959848419104539     
   34.0000000000000       0.959848419104539     
   34.0000000000000       0.959794364792728     
   32.0000000000000       0.959794364792728     
   32.0000000000000       0.959026362140644     
   30.0000000000000       0.959026362140644     
   30.0000000000000       0.957393571581247     
   28.0000000000000       0.957393571581247     
   28.0000000000000       0.957340476030741     
   26.0000000000000       0.957340476030741     
   26.0000000000000       0.956812073738737     
   24.0000000000000       0.956812073738737     
   24.0000000000000       0.956438739157786     
   22.0000000000000       0.956438739157786     
   22.0000000000000       0.956595601021235     
   20.0000000000000       0.956595601021235     
   20.0000000000000       0.956595441814858     
   18.0000000000000       0.956595441814858     
   18.0000000000000       0.956429194199269     
   16.0000000000000       0.956429194199269     
   16.0000000000000       0.955842551133746     
   14.0000000000000       0.955842551133746     
   14.0000000000000       0.955808466674003     
   12.0000000000000       0.955808466674003     
   12.0000000000000       0.955669581601919     
   10.0000000000000       0.955669581601919     
   10.0000000000000       0.955563833049168     
   8.00000000000000       0.955563833049168     
   8.00000000000000       0.955563832840988     
   6.00000000000000       0.955563832840988     
   6.00000000000000       0.955563832576861     
   4.00000000000000       0.955563832576861     
   4.00000000000000       0.955563832524871     
   2.00000000000000       0.955563832524871     
   2.00000000000000       0.955563832512833     
  0.000000000000000E+000  0.955563832512833     
