>    -Wthicker,236/064/043
   80.0000000000000        1.00000000000000     
   80.0000000000000       0.997646140306645     
   78.0000000000000       0.997646140306645     
   78.0000000000000       0.996853007578860     
   76.0000000000000       0.996853007578860     
   76.0000000000000       0.997075070421798     
   74.0000000000000       0.997075070421798     
   74.0000000000000       0.997400213838501     
   72.0000000000000       0.997400213838501     
   72.0000000000000       0.997347746864080     
   70.0000000000000       0.997347746864080     
   70.0000000000000       0.996684219912420     
   68.0000000000000       0.996684219912420     
   68.0000000000000       0.997521112241016     
   66.0000000000000       0.997521112241016     
   66.0000000000000       0.997476502636706     
   64.0000000000000       0.997476502636706     
   64.0000000000000       0.996486945196008     
   62.0000000000000       0.996486945196008     
   62.0000000000000       0.996966094416067     
   60.0000000000000       0.996966094416067     
   60.0000000000000       0.998259756055253     
   58.0000000000000       0.998259756055253     
   58.0000000000000       0.989044271299946     
   56.0000000000000       0.989044271299946     
   56.0000000000000       0.989028401679273     
   54.0000000000000       0.989028401679273     
   54.0000000000000       0.989099767525834     
   52.0000000000000       0.989099767525834     
   52.0000000000000       0.989298386290733     
   50.0000000000000       0.989298386290733     
   50.0000000000000       0.989377093835780     
   48.0000000000000       0.989377093835780     
   48.0000000000000       0.989108950593930     
   46.0000000000000       0.989108950593930     
   46.0000000000000       0.980286366506754     
   44.0000000000000       0.980286366506754     
   44.0000000000000       0.980293621259356     
   42.0000000000000       0.980293621259356     
   42.0000000000000       0.980293263033886     
   40.0000000000000       0.980293263033886     
   40.0000000000000       0.980293263989214     
   38.0000000000000       0.980293263989214     
   38.0000000000000       0.981544773208270     
   36.0000000000000       0.981544773208270     
   36.0000000000000       0.973235760031044     
   34.0000000000000       0.973235760031044     
   34.0000000000000       0.973235593182479     
   32.0000000000000       0.973235593182479     
   32.0000000000000       0.973167557050883     
   30.0000000000000       0.973167557050883     
   30.0000000000000       0.972851522504210     
   28.0000000000000       0.972851522504210     
   28.0000000000000       0.972736356448887     
   26.0000000000000       0.972736356448887     
   26.0000000000000       0.972752629039098     
   24.0000000000000       0.972752629039098     
   24.0000000000000       0.962842579095105     
   22.0000000000000       0.962842579095105     
   22.0000000000000       0.962595789054291     
   20.0000000000000       0.962595789054291     
   20.0000000000000       0.961503642741914     
   18.0000000000000       0.961503642741914     
   18.0000000000000       0.943513023293250     
   16.0000000000000       0.943513023293250     
   16.0000000000000       0.939832455640225     
   14.0000000000000       0.939832455640225     
   14.0000000000000       0.947213451661232     
   12.0000000000000       0.947213451661232     
   12.0000000000000       0.945105215458216     
   10.0000000000000       0.945105215458216     
   10.0000000000000       0.931009854587515     
   8.00000000000000       0.931009854587515     
   8.00000000000000       0.891203642158586     
   6.00000000000000       0.891203642158586     
   6.00000000000000       0.862036853782856     
   4.00000000000000       0.862036853782856     
   4.00000000000000       0.602826700564746     
   2.00000000000000       0.602826700564746     
   2.00000000000000       0.225767182744851     
  0.000000000000000E+000  0.225767182744851     
