>    -Wthicker,127/221/042
   80.0000000000000        1.00000000000000     
   80.0000000000000       0.990325995925849     
   78.0000000000000       0.990325995925849     
   78.0000000000000       0.982944088270614     
   76.0000000000000       0.982944088270614     
   76.0000000000000       0.982944088270957     
   74.0000000000000       0.982944088270957     
   74.0000000000000       0.982944088270779     
   72.0000000000000       0.982944088270779     
   72.0000000000000       0.982944088270807     
   70.0000000000000       0.982944088270807     
   70.0000000000000       0.982944089460764     
   68.0000000000000       0.982944089460764     
   68.0000000000000       0.982944095557630     
   66.0000000000000       0.982944095557630     
   66.0000000000000       0.982944095557500     
   64.0000000000000       0.982944095557500     
   64.0000000000000       0.982944095573471     
   62.0000000000000       0.982944095573471     
   62.0000000000000       0.982944095823494     
   60.0000000000000       0.982944095823494     
   60.0000000000000       0.982943813595224     
   58.0000000000000       0.982943813595224     
   58.0000000000000       0.982943209148384     
   56.0000000000000       0.982943209148384     
   56.0000000000000       0.982942637080214     
   54.0000000000000       0.982942637080214     
   54.0000000000000       0.989183191688052     
   52.0000000000000       0.989183191688052     
   52.0000000000000       0.987572502405989     
   50.0000000000000       0.987572502405989     
   50.0000000000000       0.987572592344961     
   48.0000000000000       0.987572592344961     
   48.0000000000000       0.987572804323457     
   46.0000000000000       0.987572804323457     
   46.0000000000000       0.987575531124017     
   44.0000000000000       0.987575531124017     
   44.0000000000000       0.987575929983531     
   42.0000000000000       0.987575929983531     
   42.0000000000000       0.979032514036163     
   40.0000000000000       0.979032514036163     
   40.0000000000000       0.978727028144758     
   38.0000000000000       0.978727028144758     
   38.0000000000000       0.982157448626957     
   36.0000000000000       0.982157448626957     
   36.0000000000000       0.980399927872988     
   34.0000000000000       0.980399927872988     
   34.0000000000000       0.980400123965257     
   32.0000000000000       0.980400123965257     
   32.0000000000000       0.980400309383000     
   30.0000000000000       0.980400309383000     
   30.0000000000000       0.980400327110455     
   28.0000000000000       0.980400327110455     
   28.0000000000000       0.980432025085490     
   26.0000000000000       0.980432025085490     
   26.0000000000000       0.980445005858040     
   24.0000000000000       0.980445005858040     
   24.0000000000000       0.980445129383914     
   22.0000000000000       0.980445129383914     
   22.0000000000000       0.980448275215747     
   20.0000000000000       0.980448275215747     
   20.0000000000000       0.980410400295869     
   18.0000000000000       0.980410400295869     
   18.0000000000000       0.953896158613602     
   16.0000000000000       0.953896158613602     
   16.0000000000000       0.857391265399448     
   14.0000000000000       0.857391265399448     
   14.0000000000000       0.852090779256412     
   12.0000000000000       0.852090779256412     
   12.0000000000000       0.860752005209033     
   10.0000000000000       0.860752005209033     
   10.0000000000000       0.905954472229571     
   8.00000000000000       0.905954472229571     
   8.00000000000000       0.884133705822114     
   6.00000000000000       0.884133705822114     
   6.00000000000000       0.874459383949656     
   4.00000000000000       0.874459383949656     
   4.00000000000000       0.858828973825704     
   2.00000000000000       0.858828973825704     
   2.00000000000000       0.488168609198778     
  0.000000000000000E+000  0.488168609198778     
