>    -Wthicker,133/156/047
   80.0000000000000        1.00000000000000     
   80.0000000000000       0.999953200595444     
   78.0000000000000       0.999953200595444     
   78.0000000000000       0.999917489541355     
   76.0000000000000       0.999917489541355     
   76.0000000000000       0.999917489541357     
   74.0000000000000       0.999917489541357     
   74.0000000000000       0.999917489541356     
   72.0000000000000       0.999917489541356     
   72.0000000000000       0.999917489541356     
   70.0000000000000       0.999917489541356     
   70.0000000000000       0.999917489547112     
   68.0000000000000       0.999917489547112     
   68.0000000000000       0.999917489576572     
   66.0000000000000       0.999917489576572     
   66.0000000000000       0.999917489576571     
   64.0000000000000       0.999917489576571     
   64.0000000000000       0.999917489576648     
   62.0000000000000       0.999917489576648     
   62.0000000000000       0.999917489577860     
   60.0000000000000       0.999917489577860     
   60.0000000000000       0.999917488054859     
   58.0000000000000       0.999917488054859     
   58.0000000000000       0.999917484504133     
   56.0000000000000       0.999917484504133     
   56.0000000000000       0.999917481163687     
   54.0000000000000       0.999917481163687     
   54.0000000000000       0.999930835328600     
   52.0000000000000       0.999930835328600     
   52.0000000000000       0.999885108483116     
   50.0000000000000       0.999885108483116     
   50.0000000000000       0.999876084732512     
   48.0000000000000       0.999876084732512     
   48.0000000000000       0.999876089495447     
   46.0000000000000       0.999876089495447     
   46.0000000000000       0.999870421455054     
   44.0000000000000       0.999870421455054     
   44.0000000000000       0.999871238164454     
   42.0000000000000       0.999871238164454     
   42.0000000000000       0.999868603462268     
   40.0000000000000       0.999868603462268     
   40.0000000000000       0.999868290848247     
   38.0000000000000       0.999868290848247     
   38.0000000000000       0.999904032806917     
   36.0000000000000       0.999904032806917     
   36.0000000000000       0.999899779225821     
   34.0000000000000       0.999899779225821     
   34.0000000000000       0.999899780652004     
   32.0000000000000       0.999899780652004     
   32.0000000000000       0.999899781711385     
   30.0000000000000       0.999899781711385     
   30.0000000000000       0.999899781805081     
   28.0000000000000       0.999899781805081     
   28.0000000000000       0.999899872828769     
   26.0000000000000       0.999899872828769     
   26.0000000000000       0.999899912101867     
   24.0000000000000       0.999899912101867     
   24.0000000000000       0.999899912778763     
   22.0000000000000       0.999899912778763     
   22.0000000000000       0.999899928133019     
   20.0000000000000       0.999899928133019     
   20.0000000000000       0.999899710362339     
   18.0000000000000       0.999899710362339     
   18.0000000000000       0.999810809710620     
   16.0000000000000       0.999810809710620     
   16.0000000000000       0.999739921306806     
   14.0000000000000       0.999739921306806     
   14.0000000000000       0.997832731703413     
   12.0000000000000       0.997832731703413     
   12.0000000000000       0.995234240503247     
   10.0000000000000       0.995234240503247     
   10.0000000000000       0.993308324845160     
   8.00000000000000       0.993308324845160     
   8.00000000000000       0.960373369265133     
   6.00000000000000       0.960373369265133     
   6.00000000000000       0.845801251245179     
   4.00000000000000       0.845801251245179     
   4.00000000000000       0.699549557971706     
   2.00000000000000       0.699549557971706     
   2.00000000000000       4.486973890655026E-002
  0.000000000000000E+000  4.486973890655026E-002
