>    -Wthicker,222/090/002
   80.0000000000000        1.00000000000000     
   80.0000000000000       0.999999999999919     
   78.0000000000000       0.999999999999919     
   78.0000000000000       0.999999999999841     
   76.0000000000000       0.999999999999841     
   76.0000000000000       0.999999999999822     
   74.0000000000000       0.999999999999822     
   74.0000000000000       0.999999999999822     
   72.0000000000000       0.999999999999822     
   72.0000000000000       0.999999999999828     
   70.0000000000000       0.999999999999828     
   70.0000000000000       0.999999999999821     
   68.0000000000000       0.999999999999821     
   68.0000000000000       0.999999999999759     
   66.0000000000000       0.999999999999759     
   66.0000000000000       0.999999999999749     
   64.0000000000000       0.999999999999749     
   64.0000000000000       0.999999739064553     
   62.0000000000000       0.999999739064553     
   62.0000000000000       0.999999357514154     
   60.0000000000000       0.999999357514154     
   60.0000000000000       0.998930437793258     
   58.0000000000000       0.998930437793258     
   58.0000000000000       0.992357731209098     
   56.0000000000000       0.992357731209098     
   56.0000000000000       0.992357730959785     
   54.0000000000000       0.992357730959785     
   54.0000000000000       0.992357731296715     
   52.0000000000000       0.992357731296715     
   52.0000000000000       0.992357731064631     
   50.0000000000000       0.992357731064631     
   50.0000000000000       0.992357730274880     
   48.0000000000000       0.992357730274880     
   48.0000000000000       0.993179491809950     
   46.0000000000000       0.993179491809950     
   46.0000000000000       0.969814498600687     
   44.0000000000000       0.969814498600687     
   44.0000000000000       0.969814580972962     
   42.0000000000000       0.969814580972962     
   42.0000000000000       0.969814576037699     
   40.0000000000000       0.969814576037699     
   40.0000000000000       0.969814576599659     
   38.0000000000000       0.969814576599659     
   38.0000000000000       0.969814545484594     
   36.0000000000000       0.969814545484594     
   36.0000000000000       0.969814483412013     
   34.0000000000000       0.969814483412013     
   34.0000000000000       0.969814486341344     
   32.0000000000000       0.969814486341344     
   32.0000000000000       0.969814469233344     
   30.0000000000000       0.969814469233344     
   30.0000000000000       0.969814445532930     
   28.0000000000000       0.969814445532930     
   28.0000000000000       0.969814556736870     
   26.0000000000000       0.969814556736870     
   26.0000000000000       0.969814634934445     
   24.0000000000000       0.969814634934445     
   24.0000000000000       0.969814621741174     
   22.0000000000000       0.969814621741174     
   22.0000000000000       0.969814292106762     
   20.0000000000000       0.969814292106762     
   20.0000000000000       0.969813881086268     
   18.0000000000000       0.969813881086268     
   18.0000000000000       0.969813371831743     
   16.0000000000000       0.969813371831743     
   16.0000000000000       0.969813314508272     
   14.0000000000000       0.969813314508272     
   14.0000000000000       0.969812424364730     
   12.0000000000000       0.969812424364730     
   12.0000000000000       0.969811368015070     
   10.0000000000000       0.969811368015070     
   10.0000000000000       0.969811196466360     
   8.00000000000000       0.969811196466360     
   8.00000000000000       0.969810987148035     
   6.00000000000000       0.969810987148035     
   6.00000000000000       0.969307463651797     
   4.00000000000000       0.969307463651797     
   4.00000000000000       0.968298580847925     
   2.00000000000000       0.968298580847925     
   2.00000000000000       0.968203725863832     
  0.000000000000000E+000  0.968203725863832     
