>    -Wthicker,005/120/011
   80.0000000000000        1.00000000000000     
   80.0000000000000       0.999999999998965     
   78.0000000000000       0.999999999998965     
   78.0000000000000       0.999999905409743     
   76.0000000000000       0.999999905409743     
   76.0000000000000       0.999999906326115     
   74.0000000000000       0.999999906326115     
   74.0000000000000       0.999999905990830     
   72.0000000000000       0.999999905990830     
   72.0000000000000       0.999999935926865     
   70.0000000000000       0.999999935926865     
   70.0000000000000       0.999999932764880     
   68.0000000000000       0.999999932764880     
   68.0000000000000       0.999999932764880     
   66.0000000000000       0.999999932764880     
   66.0000000000000       0.999999836839138     
   64.0000000000000       0.999999836839138     
   64.0000000000000       0.999998822537279     
   62.0000000000000       0.999998822537279     
   62.0000000000000       0.999998818713027     
   60.0000000000000       0.999998818713027     
   60.0000000000000       0.996411225024480     
   58.0000000000000       0.996411225024480     
   58.0000000000000       0.848270783956012     
   56.0000000000000       0.848270783956012     
   56.0000000000000       0.848558022502334     
   54.0000000000000       0.848558022502334     
   54.0000000000000       0.848956036576932     
   52.0000000000000       0.848956036576932     
   52.0000000000000       0.841226359928342     
   50.0000000000000       0.841226359928342     
   50.0000000000000       0.762005164766156     
   48.0000000000000       0.762005164766156     
   48.0000000000000       0.785337844386768     
   46.0000000000000       0.785337844386768     
   46.0000000000000       0.796502609960429     
   44.0000000000000       0.796502609960429     
   44.0000000000000       0.859654034216531     
   42.0000000000000       0.859654034216531     
   42.0000000000000       0.882373547641061     
   40.0000000000000       0.882373547641061     
   40.0000000000000       0.955669114687567     
   38.0000000000000       0.955669114687567     
   38.0000000000000       0.957610029791689     
   36.0000000000000       0.957610029791689     
   36.0000000000000       0.957759718288428     
   34.0000000000000       0.957759718288428     
   34.0000000000000       0.957699083364467     
   32.0000000000000       0.957699083364467     
   32.0000000000000       0.956875639393506     
   30.0000000000000       0.956875639393506     
   30.0000000000000       0.955143072527951     
   28.0000000000000       0.955143072527951     
   28.0000000000000       0.955086028906299     
   26.0000000000000       0.955086028906299     
   26.0000000000000       0.954524353408875     
   24.0000000000000       0.954524353408875     
   24.0000000000000       0.954126789539366     
   22.0000000000000       0.954126789539366     
   22.0000000000000       0.954287934860740     
   20.0000000000000       0.954287934860740     
   20.0000000000000       0.954287762991779     
   18.0000000000000       0.954287762991779     
   18.0000000000000       0.954122892399544     
   16.0000000000000       0.954122892399544     
   16.0000000000000       0.953496126036988     
   14.0000000000000       0.953496126036988     
   14.0000000000000       0.953461811148676     
   12.0000000000000       0.953461811148676     
   12.0000000000000       0.953320911344590     
   10.0000000000000       0.953320911344590     
   10.0000000000000       0.953213585924027     
   8.00000000000000       0.953213585924027     
   8.00000000000000       0.953213585700165     
   6.00000000000000       0.953213585700165     
   6.00000000000000       0.953213585415483     
   4.00000000000000       0.953213585415483     
   4.00000000000000       0.953213585359771     
   2.00000000000000       0.953213585359771     
   2.00000000000000       0.953213585346934     
  0.000000000000000E+000  0.953213585346934     
