>    -Wthicker,234/020/088
   80.0000000000000        1.00000000000000     
   80.0000000000000       0.999999646729116     
   78.0000000000000       0.999999646729116     
   78.0000000000000       0.999987196595990     
   76.0000000000000       0.999987196595990     
   76.0000000000000       0.999987196345900     
   74.0000000000000       0.999987196345900     
   74.0000000000000       0.999975986414418     
   72.0000000000000       0.999975986414418     
   72.0000000000000       0.999946840997357     
   70.0000000000000       0.999946840997357     
   70.0000000000000       0.999945936272386     
   68.0000000000000       0.999945936272386     
   68.0000000000000       0.999945307834256     
   66.0000000000000       0.999945307834256     
   66.0000000000000       0.949967301602098     
   64.0000000000000       0.949967301602098     
   64.0000000000000       0.937775534235383     
   62.0000000000000       0.937775534235383     
   62.0000000000000       0.946124850522552     
   60.0000000000000       0.946124850522552     
   60.0000000000000       0.941571489695604     
   58.0000000000000       0.941571489695604     
   58.0000000000000       0.940759677163759     
   56.0000000000000       0.940759677163759     
   56.0000000000000       0.940661294954812     
   54.0000000000000       0.940661294954812     
   54.0000000000000       0.950391089277738     
   52.0000000000000       0.950391089277738     
   52.0000000000000       0.950122012057729     
   50.0000000000000       0.950122012057729     
   50.0000000000000       0.946959426100786     
   48.0000000000000       0.946959426100786     
   48.0000000000000       0.944227717559630     
   46.0000000000000       0.944227717559630     
   46.0000000000000       0.924426267151399     
   44.0000000000000       0.924426267151399     
   44.0000000000000       0.916115901650985     
   42.0000000000000       0.916115901650985     
   42.0000000000000       0.940117740417947     
   40.0000000000000       0.940117740417947     
   40.0000000000000       0.931549388640329     
   38.0000000000000       0.931549388640329     
   38.0000000000000       0.953783455548636     
   36.0000000000000       0.953783455548636     
   36.0000000000000       0.960474552670581     
   34.0000000000000       0.960474552670581     
   34.0000000000000       0.965649458857036     
   32.0000000000000       0.965649458857036     
   32.0000000000000       0.966610086959142     
   30.0000000000000       0.966610086959142     
   30.0000000000000       0.967618083256493     
   28.0000000000000       0.967618083256493     
   28.0000000000000       0.967686962561754     
   26.0000000000000       0.967686962561754     
   26.0000000000000       0.967758331120073     
   24.0000000000000       0.967758331120073     
   24.0000000000000       0.967769009451770     
   22.0000000000000       0.967769009451770     
   22.0000000000000       0.937644882501627     
   20.0000000000000       0.937644882501627     
   20.0000000000000       0.915825844853253     
   18.0000000000000       0.915825844853253     
   18.0000000000000       0.915790338830066     
   16.0000000000000       0.915790338830066     
   16.0000000000000       0.915662110684694     
   14.0000000000000       0.915662110684694     
   14.0000000000000       0.915653731119223     
   12.0000000000000       0.915653731119223     
   12.0000000000000       0.915623180674072     
   10.0000000000000       0.915623180674072     
   10.0000000000000       0.915617989080484     
   8.00000000000000       0.915617989080484     
   8.00000000000000       0.915617626998849     
   6.00000000000000       0.915617626998849     
   6.00000000000000       0.915617621135469     
   4.00000000000000       0.915617621135469     
   4.00000000000000       0.915617296733065     
   2.00000000000000       0.915617296733065     
   2.00000000000000       0.915613367858969     
  0.000000000000000E+000  0.915613367858969     
