>    -Wthicker,215/182/054
   80.0000000000000        1.00000000000000     
   80.0000000000000       0.998941373115887     
   78.0000000000000       0.998941373115887     
   78.0000000000000       0.997741337865816     
   76.0000000000000       0.997741337865816     
   76.0000000000000       0.996454669127593     
   74.0000000000000       0.996454669127593     
   74.0000000000000       0.995925209970147     
   72.0000000000000       0.995925209970147     
   72.0000000000000       0.996015806667440     
   70.0000000000000       0.996015806667440     
   70.0000000000000       0.996275723745414     
   68.0000000000000       0.996275723745414     
   68.0000000000000       0.994783290891402     
   66.0000000000000       0.994783290891402     
   66.0000000000000       0.993710025083143     
   64.0000000000000       0.993710025083143     
   64.0000000000000       0.993704816817323     
   62.0000000000000       0.993704816817323     
   62.0000000000000       0.988741796748447     
   60.0000000000000       0.988741796748447     
   60.0000000000000       0.987903879642221     
   58.0000000000000       0.987903879642221     
   58.0000000000000       0.987857738847700     
   56.0000000000000       0.987857738847700     
   56.0000000000000       0.987759310429599     
   54.0000000000000       0.987759310429599     
   54.0000000000000       0.989441501929889     
   52.0000000000000       0.989441501929889     
   52.0000000000000       0.986018750640864     
   50.0000000000000       0.986018750640864     
   50.0000000000000       0.986249725641809     
   48.0000000000000       0.986249725641809     
   48.0000000000000       0.972362299235980     
   46.0000000000000       0.972362299235980     
   46.0000000000000       0.972423236524380     
   44.0000000000000       0.972423236524380     
   44.0000000000000       0.972467834006348     
   42.0000000000000       0.972467834006348     
   42.0000000000000       0.972481085992870     
   40.0000000000000       0.972481085992870     
   40.0000000000000       0.975462084290356     
   38.0000000000000       0.975462084290356     
   38.0000000000000       0.972826053179412     
   36.0000000000000       0.972826053179412     
   36.0000000000000       0.975374921774652     
   34.0000000000000       0.975374921774652     
   34.0000000000000       0.960398721349185     
   32.0000000000000       0.960398721349185     
   32.0000000000000       0.801021243848914     
   30.0000000000000       0.801021243848914     
   30.0000000000000       0.897117507084805     
   28.0000000000000       0.897117507084805     
   28.0000000000000       0.833677621693749     
   26.0000000000000       0.833677621693749     
   26.0000000000000       0.868833826377534     
   24.0000000000000       0.868833826377534     
   24.0000000000000       0.851731866375393     
   22.0000000000000       0.851731866375393     
   22.0000000000000       0.855703260145393     
   20.0000000000000       0.855703260145393     
   20.0000000000000       0.898720008308971     
   18.0000000000000       0.898720008308971     
   18.0000000000000       0.899267759113401     
   16.0000000000000       0.899267759113401     
   16.0000000000000       0.874013682973728     
   14.0000000000000       0.874013682973728     
   14.0000000000000       0.872798188393901     
   12.0000000000000       0.872798188393901     
   12.0000000000000       0.858223068211309     
   10.0000000000000       0.858223068211309     
   10.0000000000000       0.850785134050996     
   8.00000000000000       0.850785134050996     
   8.00000000000000       0.831434452783976     
   6.00000000000000       0.831434452783976     
   6.00000000000000       0.825223073266298     
   4.00000000000000       0.825223073266298     
   4.00000000000000       0.825215637107755     
   2.00000000000000       0.825215637107755     
   2.00000000000000       0.825213033825663     
  0.000000000000000E+000  0.825213033825663     
