>    -Wthicker,133/189/198
   80.0000000000000        1.00000000000000     
   80.0000000000000       0.999999999976109     
   78.0000000000000       0.999999999976109     
   78.0000000000000       0.999999999957878     
   76.0000000000000       0.999999999957878     
   76.0000000000000       0.999999999957878     
   74.0000000000000       0.999999999957878     
   74.0000000000000       0.999999999957878     
   72.0000000000000       0.999999999957878     
   72.0000000000000       0.999999999957878     
   70.0000000000000       0.999999999957878     
   70.0000000000000       0.999999999957878     
   68.0000000000000       0.999999999957878     
   68.0000000000000       0.999999999957878     
   66.0000000000000       0.999999999957878     
   66.0000000000000       0.999999999957878     
   64.0000000000000       0.999999999957878     
   64.0000000000000       0.999999999957878     
   62.0000000000000       0.999999999957878     
   62.0000000000000       0.999999999957878     
   60.0000000000000       0.999999999957878     
   60.0000000000000       0.999999999957878     
   58.0000000000000       0.999999999957878     
   58.0000000000000       0.999999999957876     
   56.0000000000000       0.999999999957876     
   56.0000000000000       0.999999999957875     
   54.0000000000000       0.999999999957875     
   54.0000000000000       0.999999999966348     
   52.0000000000000       0.999999999966348     
   52.0000000000000       0.999999999944443     
   50.0000000000000       0.999999999944443     
   50.0000000000000       0.999999999937186     
   48.0000000000000       0.999999999937186     
   48.0000000000000       0.999999999934323     
   46.0000000000000       0.999999999934323     
   46.0000000000000       0.999999999079687     
   44.0000000000000       0.999999999079687     
   44.0000000000000       0.999999999083735     
   42.0000000000000       0.999999999083735     
   42.0000000000000       0.999999999085860     
   40.0000000000000       0.999999999085860     
   40.0000000000000       0.999999999085544     
   38.0000000000000       0.999999999085544     
   38.0000000000000       0.999999999103127     
   36.0000000000000       0.999999999103127     
   36.0000000000000       0.999999999100594     
   34.0000000000000       0.999999999100594     
   34.0000000000000       0.999999999100596     
   32.0000000000000       0.999999999100596     
   32.0000000000000       0.999999999100597     
   30.0000000000000       0.999999999100597     
   30.0000000000000       0.999999999100597     
   28.0000000000000       0.999999999100597     
   28.0000000000000       0.999999999100659     
   26.0000000000000       0.999999999100659     
   26.0000000000000       0.999999999100691     
   24.0000000000000       0.999999999100691     
   24.0000000000000       0.999999999100692     
   22.0000000000000       0.999999999100692     
   22.0000000000000       0.969393163229590     
   20.0000000000000       0.969393163229590     
   20.0000000000000       0.949158748340755     
   18.0000000000000       0.949158748340755     
   18.0000000000000       0.949069710671111     
   16.0000000000000       0.949069710671111     
   16.0000000000000       0.967248998608644     
   14.0000000000000       0.967248998608644     
   14.0000000000000       0.943684556035022     
   12.0000000000000       0.943684556035022     
   12.0000000000000       0.916598297926570     
   10.0000000000000       0.916598297926570     
   10.0000000000000       0.901476415122031     
   8.00000000000000       0.901476415122031     
   8.00000000000000       0.860624643738527     
   6.00000000000000       0.860624643738527     
   6.00000000000000       0.836397681149766     
   4.00000000000000       0.836397681149766     
   4.00000000000000       0.808436624929669     
   2.00000000000000       0.808436624929669     
   2.00000000000000       0.774622754341563     
  0.000000000000000E+000  0.774622754341563     
