>    -Wthicker,062/093/052
   80.0000000000000        1.00000000000000     
   80.0000000000000       0.999999389170152     
   78.0000000000000       0.999999389170152     
   78.0000000000000       0.999998643071888     
   76.0000000000000       0.999998643071888     
   76.0000000000000       0.999998586607474     
   74.0000000000000       0.999998586607474     
   74.0000000000000       0.999998807186983     
   72.0000000000000       0.999998807186983     
   72.0000000000000       0.999997521145490     
   70.0000000000000       0.999997521145490     
   70.0000000000000       0.999996896522015     
   68.0000000000000       0.999996896522015     
   68.0000000000000       0.999997214492184     
   66.0000000000000       0.999997214492184     
   66.0000000000000       0.999997266334326     
   64.0000000000000       0.999997266334326     
   64.0000000000000       0.999997421630923     
   62.0000000000000       0.999997421630923     
   62.0000000000000       0.999997560290848     
   60.0000000000000       0.999997560290848     
   60.0000000000000       0.999997678831663     
   58.0000000000000       0.999997678831663     
   58.0000000000000       0.999997753018798     
   56.0000000000000       0.999997753018798     
   56.0000000000000       0.999997710023133     
   54.0000000000000       0.999997710023133     
   54.0000000000000       0.999997943131755     
   52.0000000000000       0.999997943131755     
   52.0000000000000       0.999998002013902     
   50.0000000000000       0.999998002013902     
   50.0000000000000       0.999998009151404     
   48.0000000000000       0.999998009151404     
   48.0000000000000       0.999998019143147     
   46.0000000000000       0.999998019143147     
   46.0000000000000       0.999997957984995     
   44.0000000000000       0.999997957984995     
   44.0000000000000       0.999995849540259     
   42.0000000000000       0.999995849540259     
   42.0000000000000       0.999995763845038     
   40.0000000000000       0.999995763845038     
   40.0000000000000       0.999995757630491     
   38.0000000000000       0.999995757630491     
   38.0000000000000       0.999986916457240     
   36.0000000000000       0.999986916457240     
   36.0000000000000       0.999904594960309     
   34.0000000000000       0.999904594960309     
   34.0000000000000       0.998986448854770     
   32.0000000000000       0.998986448854770     
   32.0000000000000       0.998983089977132     
   30.0000000000000       0.998983089977132     
   30.0000000000000       0.998981453421740     
   28.0000000000000       0.998981453421740     
   28.0000000000000       0.998984255551345     
   26.0000000000000       0.998984255551345     
   26.0000000000000       0.998984274154372     
   24.0000000000000       0.998984274154372     
   24.0000000000000       0.970365416577234     
   22.0000000000000       0.970365416577234     
   22.0000000000000       0.793537896422736     
   20.0000000000000       0.793537896422736     
   20.0000000000000       0.714389389051588     
   18.0000000000000       0.714389389051588     
   18.0000000000000       0.530877573788888     
   16.0000000000000       0.530877573788888     
   16.0000000000000       0.796314736661530     
   14.0000000000000       0.796314736661530     
   14.0000000000000       0.872483045899674     
   12.0000000000000       0.872483045899674     
   12.0000000000000       0.870184927022658     
   10.0000000000000       0.870184927022658     
   10.0000000000000       0.867897827707643     
   8.00000000000000       0.867897827707643     
   8.00000000000000       0.867296619155253     
   6.00000000000000       0.867296619155253     
   6.00000000000000       0.866743836962007     
   4.00000000000000       0.866743836962007     
   4.00000000000000       0.862974217732494     
   2.00000000000000       0.862974217732494     
   2.00000000000000       0.832886598515651     
  0.000000000000000E+000  0.832886598515651     
